Reaction test v3
type	A+B+C
number	1000

max value	65536
unit	us

test	A	B	C
0	13	7	27
1	21	10	17
2	23	12	7
3	19	15	11
4	23	7	11
5	25	8	13
6	25	8	15
7	25	15	10
8	17	12	21
9	23	12	19
10	23	11	6
11	13	21	17
12	23	13	9
13	25	15	10
14	25	9	15
15	23	13	9
16	25	9	13
17	13	8	25
18	9	23	13
19	9	25	13
20	23	11	7
21	23	11	6
22	21	7	11
23	60	13	9
24	25	15	10
25	21	12	16
26	8	25	13
27	13	23	9
28	8	83	13
29	7	23	11
30	13	22	17
31	15	26	10
32	9	25	15
33	8	25	13
34	11	23	7
35	19	15	23
36	15	25	11
37	7	23	11
38	9	23	13
39	19	15	10
40	21	16	12
41	13	22	17
42	14	19	10
43	15	25	11
44	13	23	8
45	9	25	13
46	13	23	9
47	14	23	19
48	25	13	9
49	15	28	10
50	8	27	13
51	13	17	21
52	18	23	14
53	7	29	13
54	23	18	14
55	19	11	15
56	13	22	17
57	11	15	22
58	21	12	16
59	10	26	15
60	35	7	23
61	17	21	12
62	12	23	19
63	23	14	19
64	14	23	19
65	11	15	19
66	21	17	13
67	23	19	14
68	12	21	17
69	29	19	7
70	15	25	11
71	13	23	9
72	14	10	19
73	9	59	13
74	8	25	13
75	10	19	15
76	21	12	17
77	19	23	14
78	15	19	23
79	23	15	19
80	21	17	13
81	12	21	17
82	15	10	19
83	12	16	21
84	21	17	12
85	17	22	13
86	13	22	17
87	21	16	12
88	25	10	15
89	15	10	19
90	10	14	24
91	10	21	16
92	17	12	21
93	12	16	21
94	19	10	14
95	11	15	21
96	19	15	11
97	21	13	17
98	13	8	27
99	27	15	10
100	16	21	12
101	13	9	25
102	10	15	19
103	17	12	21
104	19	23	14
105	7	12	23
106	8	25	13
107	7	20	32
108	13	23	9
109	12	7	23
110	20	32	4
111	13	23	9
112	9	25	13
113	6	23	11
114	13	57	19
115	7	23	11
116	13	23	9
117	11	23	7
118	9	25	13
119	14	10	19
120	3	30	18
121	15	25	10
122	9	23	13
123	21	16	12
124	23	19	15
125	8	25	13
126	10	19	15
127	7	23	11
128	13	23	8
129	15	25	10
130	21	16	12
131	13	27	8
132	21	13	17
133	9	25	13
134	9	25	13
135	21	17	12
136	15	31	11
137	8	30	13
138	13	21	17
139	13	30	8
140	15	27	10
141	13	23	9
142	13	24	8
143	11	25	15
144	9	23	13
145	15	23	19
146	13	25	9
147	15	25	11
148	30	7	18
149	9	25	13
150	7	23	11
151	13	23	9
152	15	11	19
153	15	25	10
154	10	15	19
155	7	81	11
156	12	21	17
157	28	8	13
158	25	15	11
159	11	23	7
160	7	23	12
161	15	48	11
162	15	25	11
163	17	13	21
164	15	25	11
165	17	21	12
166	23	19	14
167	11	23	7
168	11	23	7
169	15	25	10
170	17	13	21
171	15	25	11
172	9	25	13
173	13	24	8
174	11	25	15
175	21	16	12
176	8	23	13
177	17	28	7
178	17	21	13
179	7	23	12
180	8	25	13
181	25	8	13
182	28	16	4
183	23	13	8
184	32	20	8
185	17	21	12
186	47	8	13
187	19	23	14
188	23	6	11
189	25	9	13
190	17	21	12
191	24	8	13
192	23	8	13
193	23	9	13
194	27	11	15
195	23	13	9
196	11	15	21
197	15	11	20
198	23	7	11
199	25	9	13
200	17	13	22
201	21	12	17
202	18	23	14
203	23	18	14
204	13	17	21
205	18	14	23
206	17	12	21
207	21	12	17
208	23	11	7
209	25	9	15
210	11	15	19
211	23	12	7
212	23	8	13
213	25	15	11
214	23	7	11
215	23	7	13
216	23	7	12
217	18	23	14
218	24	8	13
219	10	15	19
220	23	11	7
221	21	17	12
222	16	21	12
223	10	19	14
224	22	13	17
225	12	21	16
226	14	19	23
227	23	19	14
228	17	21	12
229	14	19	23
230	21	11	17
231	22	17	13
232	13	22	17
233	12	21	16
234	17	13	23
235	19	23	14
236	15	19	11
237	23	14	19
238	21	17	12
239	16	21	12
240	12	23	19
241	18	14	23
242	21	11	17
243	11	19	15
244	19	15	10
245	16	21	12
246	15	11	19
247	19	23	14
248	21	17	12
249	19	15	10
250	19	10	15
251	17	13	21
252	10	19	15
253	12	17	21
254	12	17	21
255	18	23	14
256	16	12	21
257	17	21	12
258	23	18	14
259	14	10	19
260	15	3	25
261	11	7	28
262	13	17	21
263	17	13	21
264	12	21	16
265	21	17	12
266	19	10	15
267	21	17	13
268	23	14	18
269	23	6	11
270	24	13	8
271	23	13	9
272	21	12	17
273	19	23	15
274	13	17	21
275	21	17	12
276	13	17	22
277	15	11	22
278	19	14	23
279	20	11	15
280	11	19	15
281	12	17	21
282	19	14	23
283	20	11	15
284	21	17	12
285	21	12	17
286	15	19	11
287	17	21	13
288	15	11	20
289	15	10	19
290	12	17	21
291	17	12	23
292	26	11	6
293	19	23	15
294	23	15	19
295	19	23	15
296	15	19	11
297	19	15	10
298	11	15	19
299	23	11	7
300	15	19	10
301	12	21	17
302	19	23	15
303	19	15	10
304	12	17	21
305	17	12	21
306	13	17	22
307	16	12	21
308	15	19	10
309	18	14	23
310	21	13	17
311	14	10	19
312	10	15	21
313	12	23	19
314	11	15	20
315	21	17	12
316	13	17	22
317	23	19	15
318	23	18	14
319	22	13	17
320	13	9	25
321	16	12	21
322	15	20	11
323	23	19	15
324	10	14	19
325	12	23	19
326	17	13	22
327	17	21	12
328	21	17	12
329	16	21	12
330	12	21	16
331	23	14	19
332	17	13	21
333	23	14	18
334	10	19	15
335	16	21	12
336	10	19	14
337	21	12	16
338	31	15	11
339	21	16	12
340	4	18	30
341	19	15	11
342	18	23	14
343	11	23	7
344	13	17	21
345	17	13	21
346	15	10	21
347	16	21	12
348	17	13	21
349	12	16	21
350	21	17	12
351	11	19	15
352	22	12	7
353	17	12	21
354	21	12	17
355	17	21	12
356	11	15	19
357	9	23	13
358	13	23	9
359	8	24	13
360	17	12	21
361	21	13	17
362	15	23	19
363	12	16	21
364	11	15	19
365	11	6	23
366	13	8	24
367	15	10	25
368	8	13	23
369	16	20	38
370	13	8	24
371	9	13	25
372	19	23	15
373	9	13	25
374	13	9	25
375	13	8	25
376	9	13	25
377	12	7	23
378	23	13	19
379	6	11	23
380	17	5	27
381	13	9	25
382	15	10	27
383	10	14	24
384	8	13	62
385	11	7	25
386	9	13	25
387	12	17	21
388	12	7	25
389	8	13	24
390	21	17	12
391	21	11	17
392	7	11	25
393	7	11	23
394	13	9	25
395	13	23	19
396	11	7	23
397	13	8	25
398	7	11	23
399	11	7	23
400	13	9	25
401	11	6	23
402	21	11	17
403	12	21	17
404	21	17	13
405	18	23	14
406	19	23	14
407	14	10	21
408	17	12	21
409	21	10	17
410	22	17	13
411	12	21	16
412	10	19	15
413	20	15	11
414	21	13	17
415	11	20	15
416	21	12	16
417	15	10	19
418	17	21	13
419	10	19	14
420	11	7	27
421	13	8	25
422	21	17	13
423	6	11	23
424	9	13	25
425	7	11	23
426	19	23	14
427	13	9	27
428	23	14	19
429	12	21	17
430	9	13	25
431	9	13	25
432	13	9	25
433	13	9	25
434	15	10	19
435	13	21	17
436	19	15	23
437	17	13	22
438	15	11	27
439	7	11	23
440	13	8	25
441	11	6	23
442	12	7	23
443	9	13	27
444	22	11	17
445	15	20	11
446	7	11	23
447	23	13	19
448	11	15	20
449	7	12	29
450	11	15	19
451	17	13	21
452	23	27	18
453	15	20	11
454	13	9	25
455	11	20	15
456	8	13	25
457	7	11	23
458	21	17	12
459	21	16	12
460	13	23	8
461	23	7	11
462	25	15	11
463	15	11	19
464	31	13	9
465	31	9	15
466	23	13	8
467	23	7	11
468	21	6	11
469	25	9	13
470	26	15	10
471	31	9	13
472	15	10	19
473	10	15	19
474	27	8	13
475	15	19	11
476	32	11	15
477	17	21	12
478	25	15	10
479	19	14	10
480	21	10	16
481	25	15	10
482	21	13	17
483	23	19	15
484	31	15	11
485	23	13	9
486	25	9	13
487	23	6	11
488	10	14	19
489	24	10	14
490	13	21	17
491	23	6	11
492	25	11	15
493	8	28	13
494	23	11	7
495	10	19	14
496	23	11	7
497	23	9	13
498	32	5	20
499	25	9	13
500	28	3	17
501	31	7	19
502	15	23	19
503	9	13	25
504	32	6	20
505	21	7	11
506	15	19	10
507	25	13	9
508	10	15	19
509	16	12	21
510	11	15	20
511	19	15	11
512	25	13	9
513	17	13	21
514	17	21	12
515	19	23	14
516	21	13	17
517	23	19	14
518	11	15	20
519	17	21	12
520	16	21	12
521	23	18	14
522	21	17	12
523	11	22	17
524	21	10	16
525	16	12	21
526	17	21	12
527	11	19	15
528	11	15	19
529	13	21	17
530	21	17	13
531	17	13	21
532	10	15	19
533	28	8	14
534	17	13	21
535	15	11	20
536	15	19	23
537	23	19	15
538	25	13	8
539	13	9	25
540	21	13	17
541	15	11	19
542	17	22	13
543	12	17	21
544	12	16	21
545	14	19	10
546	13	17	22
547	23	19	15
548	17	21	12
549	13	17	22
550	20	11	15
551	15	10	19
552	23	13	19
553	19	15	11
554	10	14	19
555	21	17	12
556	10	15	19
557	21	17	12
558	17	12	21
559	14	18	23
560	14	10	19
561	20	11	15
562	12	23	19
563	10	19	15
564	14	10	19
565	15	10	19
566	17	21	12
567	15	10	21
568	16	21	12
569	15	19	23
570	11	19	15
571	19	23	14
572	16	12	21
573	12	17	21
574	11	21	17
575	13	17	21
576	15	11	19
577	19	23	14
578	25	9	13
579	7	23	11
580	6	11	23
581	16	21	12
582	8	13	25
583	11	7	23
584	7	11	23
585	7	11	23
586	21	10	17
587	21	17	12
588	12	17	21
589	17	22	13
590	23	13	19
591	10	21	16
592	11	15	19
593	11	19	15
594	19	23	15
595	11	19	15
596	22	13	17
597	23	19	14
598	20	15	11
599	12	21	17
600	18	23	14
601	21	17	12
602	21	12	17
603	10	19	15
604	10	15	19
605	17	22	13
606	15	10	19
607	11	15	19
608	8	13	24
609	15	11	27
610	6	11	23
611	8	13	24
612	19	23	14
613	8	13	25
614	9	13	25
615	7	11	23
616	11	7	23
617	7	11	25
618	15	19	10
619	18	14	23
620	10	15	21
621	17	21	12
622	21	12	16
623	11	19	15
624	12	21	17
625	8	25	13
626	11	25	15
627	13	23	9
628	21	13	17
629	11	23	7
630	7	23	11
631	13	23	9
632	7	23	11
633	17	13	21
634	10	15	27
635	13	23	9
636	10	25	15
637	7	11	31
638	15	11	19
639	21	11	17
640	15	25	11
641	8	30	13
642	13	25	9
643	14	19	10
644	6	32	22
645	4	30	20
646	21	12	17
647	13	9	29
648	9	25	15
649	3	34	22
650	8	13	30
651	8	25	13
652	5	30	20
653	13	17	21
654	3	33	21
655	13	23	8
656	13	8	30
657	8	13	26
658	9	13	25
659	13	24	8
660	8	24	13
661	7	31	19
662	15	10	30
663	8	13	24
664	11	15	20
665	9	23	13
666	13	21	17
667	8	25	13
668	7	23	11
669	9	23	13
670	24	8	13
671	16	28	5
672	10	19	36
673	15	25	10
674	13	23	9
675	15	19	10
676	34	22	5
677	24	8	13
678	23	7	11
679	25	13	9
680	23	13	8
681	25	8	13
682	18	23	14
683	23	13	8
684	23	12	7
685	25	13	9
686	23	8	13
687	25	15	10
688	25	13	9
689	23	13	9
690	23	7	12
691	23	13	8
692	23	12	7
693	23	12	18
694	13	17	22
695	23	8	13
696	7	23	11
697	13	9	27
698	11	15	27
699	16	12	21
700	21	12	16
701	15	10	19
702	21	12	17
703	17	21	12
704	11	19	15
705	11	15	20
706	8	13	28
707	23	18	14
708	13	9	33
709	17	13	22
710	16	12	21
711	11	7	23
712	12	17	21
713	11	20	15
714	21	16	12
715	13	9	25
716	17	21	12
717	22	17	13
718	16	21	12
719	11	6	23
720	21	7	11
721	13	8	25
722	17	13	21
723	9	13	27
724	9	13	25
725	10	15	21
726	9	13	29
727	15	11	34
728	21	16	12
729	8	13	25
730	27	10	15
731	23	13	9
732	25	13	8
733	23	11	6
734	12	17	21
735	12	21	17
736	11	7	30
737	6	11	23
738	17	13	21
739	15	20	11
740	21	12	17
741	11	7	25
742	16	12	23
743	6	11	23
744	11	7	23
745	21	17	12
746	19	10	15
747	12	16	21
748	9	13	3
749	13	8	24
750	19	15	10
751	19	11	15
752	17	13	21
753	19	11	15
754	11	19	15
755	19	14	10
756	13	17	21
757	17	21	12
758	12	17	21
759	12	21	17
760	21	12	17
761	10	15	19
762	15	19	11
763	15	10	19
764	23	14	18
765	20	15	11
766	19	11	15
767	15	10	19
768	21	12	16
769	15	10	19
770	10	28	14
771	21	16	12
772	11	15	19
773	10	19	14
774	16	21	12
775	22	17	13
776	30	20	7
777	6	11	26
778	14	10	19
779	17	22	13
780	19	15	11
781	19	23	15
782	23	19	15
783	19	23	15
784	20	15	11
785	19	11	15
786	12	21	17
787	14	23	19
788	21	12	16
789	19	14	23
790	10	14	19
791	21	17	13
792	15	19	10
793	13	21	17
794	23	18	14
795	23	19	14
796	17	21	12
797	23	15	19
798	12	16	21
799	21	17	12
800	15	20	11
801	18	23	14
802	10	15	19
803	14	18	23
804	16	12	21
805	13	17	21
806	21	16	12
807	23	13	19
808	17	13	21
809	17	12	21
810	16	12	21
811	27	8	15
812	13	23	9
813	17	22	13
814	10	19	14
815	12	21	17
816	21	12	17
817	11	20	15
818	21	12	17
819	21	16	12
820	12	17	21
821	15	11	19
822	23	19	14
823	17	21	13
824	20	7	32
825	12	16	21
826	9	13	23
827	17	12	29
828	23	19	15
829	20	11	15
830	13	9	25
831	11	7	23
832	11	7	25
833	13	8	24
834	19	15	10
835	7	11	23
836	17	21	13
837	13	9	31
838	23	14	18
839	6	11	25
840	19	10	15
841	23	14	18
842	11	7	25
843	11	7	40
844	7	11	29
845	21	16	12
846	23	13	19
847	17	21	12
848	10	21	16
849	13	17	22
850	17	13	22
851	9	13	25
852	28	6	13
853	9	13	25
854	16	21	12
855	9	13	25
856	11	7	23
857	18	23	14
858	7	11	25
859	10	14	26
860	13	8	24
861	7	11	23
862	14	19	10
863	23	6	11
864	19	7	30
865	12	21	17
866	8	13	25
867	20	11	15
868	11	6	23
869	21	7	33
870	11	7	25
871	12	17	21
872	7	11	23
873	13	8	24
874	13	9	25
875	31	8	3
876	9	25	13
877	9	23	13
878	21	31	7
879	7	21	11
880	13	25	9
881	8	24	13
882	15	25	10
883	13	23	9
884	11	23	6
885	15	25	11
886	8	25	13
887	21	17	13
888	17	21	12
889	22	13	17
890	15	11	20
891	9	25	13
892	9	25	13
893	3	27	17
894	13	17	22
895	7	25	13
896	17	13	21
897	9	25	15
898	7	23	13
899	15	30	10
900	19	23	14
901	23	14	18
902	13	29	9
903	10	15	21
904	17	12	21
905	13	23	9
906	12	17	21
907	13	23	9
908	8	25	13
909	13	34903	9
910	13	8	25
911	7	23	11
912	15	11	19
913	19	23	14
914	14	23	18
915	13	25	8
916	22	13	17
917	11	27	7
918	7	27	11
919	13	23	9
920	11	19	15
921	13	25	9
922	6	23	11
923	11	23	7
924	7	23	11
925	8	81	13
926	14	24	10
927	15	11	20
928	7	29	24
929	12	7	23
930	14	18	30
931	6	23	11
932	6	11	23
933	13	9	25
934	30	18	6
935	12	17	21
936	7	13	29
937	24	8	13
938	25	8	13
939	25	13	8
940	31	7	19
941	32	20	3
942	59	9	13
943	23	7	13
944	25	11	15
945	20	32	8
946	7	23	11
947	23	7	11
948	32	20	7
949	8	30	13
950	27	9	13
951	9	25	13
952	21	12	17
953	13	23	9
954	9	25	15
955	9	25	13
956	15	10	19
957	10	27	15
958	10	25	15
959	9	23	13
960	13	25	9
961	8	25	13
962	19	15	10
963	13	23	8
964	19	10	14
965	21	17	12
966	21	17	13
967	10	21	17
968	18	23	14
969	12	21	16
970	10	15	19
971	19	14	10
972	14	18	23
973	10	21	17
974	10	19	15
975	19	15	10
976	16	21	12
977	32	20	5
978	23	8	13
979	19	10	15
980	23	11	7
981	23	11	6
982	25	9	13
983	25	9	15
984	23	11	7
985	21	12	16
986	23	6	11
987	13	8	25
988	25	15	10
989	25	13	9
990	25	15	10
991	23	7	11
992	23	13	9
993	23	11	7
994	25	15	11
995	25	8	15
996	23	11	7
997	21	11	17
998	10	14	19
999	15	10	19

