Reaction test v3
type	A+B+C
number	1000

max value	65536
unit	us

test	A	B	C
0	55149	3	3
1	14921	26843	34798
2	3	6644	14592
3	34500	26544	34490
4	11125	3177	11115
5	22623	14667	22613
6	33605	17721	25665
7	10902	3	2966
8	31658	31668	23716
9	29393	37325	21445
10	335	8270	43978
11	23171	31111	15231
12	3	5398	49067
13	7786	19707	19697
14	12220	24149	24137
15	14349	26281	26271
16	7513	19449	19439
17	5489	17409	17399
18	4435	3	4425
19	22224	34151	34141
20	46541	6838	6828
21	26827	38752	38742
22	14333	26260	26250
23	11011	22945	22935
24	16486	3	16476
25	17314	29243	29233
26	3	9752	9742
27	27416	7564	7554
28	19032	3132	3
29	8188	3	8180
30	31717	3	23774
31	26977	11080	19033
32	7513	47199	7503
33	19770	7837	19760
34	18117	6183	18107
35	25467	13540	25455
36	28790	16861	28780
37	5837	45530	5827
38	23947	12023	23937
39	16981	5056	16973
40	29374	17451	29364
41	19096	7173	19086
42	14491	2562	14481
43	29144	13238	29134
44	29497	13604	29487
45	12863	7	12853
46	25613	3	25603
47	25471	5589	25461
48	12371	44130	12361
49	24979	9081	24989
50	9849	45596	9861
51	27685	11776	27675
52	11924	43676	11934
53	42970	23108	42980
54	15943	5	15955
55	28132	3	28124
56	22107	2242	22097
57	8698	40429	8688
58	31647	11776	31637
59	32433	8608	28462
60	26733	2883	26723
61	10203	37950	10193
62	36873	17027	36863
63	9994	41708	9984
64	13	33823	3
65	798	32559	16682
66	45874	26042	10160
67	23309	3468	39184
68	3	28884	13009
69	31071	31061	15179
70	27361	27351	11470
71	16576	16564	688
72	28113	28103	12231
73	5818	5808	41529
74	6	47019	31146
75	42626	34684	18798
76	11119	3179	38910
77	41970	34030	18153
78	20467	12525	3
79	22414	6522	46247
80	5	42193	22340
81	39188	15365	47134
82	4213	32014	12160
83	43263	23393	4
84	20472	607	32389
85	5	29234	9386
86	32048	20137	281
87	7920	5	27770
88	5	45939	18148
89	26423	10533	34369
90	11165	46891	19106
91	44554	28675	877
92	17385	1495	29298
93	7087	42827	19000
94	42912	27038	3234
95	30265	14382	42174
96	13459	45183	21394
97	44988	25131	5277
98	16243	7	28149
99	6826	26678	18738
100	40818	9071	1137
101	30733	2948	42635
102	5532	29355	17449
103	5621	33401	17532
104	39789	15962	4054
105	27641	3809	43520
106	753	28545	16635
107	35636	15798	5
108	26314	6453	42189
109	485	32241	16369
110	40595	20764	8868
111	8656	40398	28495
112	25534	5671	45371
113	8767	36575	24660
114	47263	23442	11525
115	5309	33111	21199
116	24152	24146	24136
117	25591	3	41475
118	15275	3	31168
119	7808	5	23695
120	3459	3449	23313
121	13	3	14842
122	22160	45984	38040
123	36906	5123	7
124	14551	30437	2634
125	41469	5718	29556
126	24621	40502	12706
127	4394	20284	44116
128	29326	45206	17407
129	3	15404	39234
130	36278	36288	12450
131	13023	13033	40822
132	30351	30361	6533
133	20300	20310	5
134	21992	29928	5
135	4649	4669	4661
136	26640	26658	26650
137	28572	28592	28584
138	15948	15968	15960
139	25637	25657	25648
140	16970	16990	16982
141	7580	7598	7590
142	8662	8684	8674
143	13037	13025	13047
144	26587	26609	26601
145	24545	24565	24557
146	13950	13970	13962
147	11512	11530	11522
148	8785	20690	8797
149	6867	18783	6879
150	7568	19477	7580
151	2259	14168	2271
152	7	9375	19
153	5	26051	18112
154	15	25	5
155	27001	27011	3
156	27219	27228	27209
157	7151	7160	7141
158	9647	9657	9637
159	20190	20198	20180
160	26840	26849	26830
161	3568	3576	3558
162	8415	8423	8405
163	13451	13459	13441
164	27264	27273	27253
165	10080	10088	10070
166	22838	22848	22829
167	24142	24152	24132
168	15665	15674	15655
169	14338	14348	14328
170	18699	18707	18689
171	7481	7489	7471
172	9990	21892	9980
173	4306	4316	6
174	15997	16007	3
175	20084	20096	12140
176	10938	10948	2994
177	17329	17339	17319
178	25162	25170	25152
179	23143	23153	23133
180	4866	4876	4856
181	31067	42956	31057
182	17	9948	7
183	5232	5244	21124
184	50357	5	10620
185	27073	46928	38986
186	44546	16750	4829
187	7767	31586	19682
188	42045	14241	2332
189	7199	31014	19108
190	3	25968	10091
191	21342	21331	9427
192	8285	8273	5
193	24749	12832	5
194	33259	17376	3
195	12469	5	36296
196	42467	18655	18645
197	29072	5248	5238
198	20984	16	6
199	10271	3	34104
200	40826	5083	13034
201	16443	32320	44222
202	38133	2406	14318
203	17139	33022	44931
204	3724	19605	31514
205	1158	17046	28948
206	38366	5	6607
207	31285	7454	47162
208	41904	18090	6181
209	13613	41394	29492
210	37012	9225	5
211	15719	35566	47481
212	38947	7184	19097
213	8038	27890	39805
214	39086	7349	19251
215	13008	32857	44768
216	3	14339	30216
217	3148	3158	23006
218	40660	40670	8898
219	19753	19763	43566
220	4	6091	25949
221	11383	4	19327
222	14041	2137	14051
223	25009	13096	25019
224	6192	45864	14132
225	32007	20092	39945
226	781	36502	793
227	43510	27626	43520
228	6765	42478	6777
229	38174	22284	38186
230	20901	5013	20913
231	12532	3	12544
232	21915	3	21925
233	27695	43569	27707
234	4	15569	16
235	12845	12856	4910
236	23740	31675	15802
237	9597	17532	1655
238	5	3377	47008
239	37196	25287	17343
240	13632	1728	45395
241	37612	25712	17780
242	5223	44913	36975
243	30611	18704	10760
244	19798	7893	5
245	17848	1978	1968
246	9208	1261	44936
247	26077	18135	10197
248	5188	3	44874
249	29887	41794	21948
250	12514	24419	4570
251	12782	24686	4844
252	3518	15429	47184
253	25212	37121	17270
254	2637	14554	46333
255	23721	35625	15781
256	17157	29063	9215
257	14526	26436	6583
258	44788	5085	36850
259	22361	38233	22351
260	540	16404	530
261	16286	32152	16274
262	5	8637	44368
263	10357	26219	10347
264	5	15000	46751
265	24044	35940	16109
266	3	10677	42437
267	37534	45478	25617
268	5	2555	38306
269	15468	39292	23413
270	35537	11708	43477
271	12676	40473	20621
272	30777	6935	38724
273	11773	39576	19722
274	35237	7416	35249
275	17352	45142	17362
276	36638	12791	36650
277	25574	1726	25586
278	19550	47349	19560
279	40939	17105	40949
280	12227	40018	12237
281	46993	23166	3
282	25624	1782	33568
283	10762	38569	18712
284	27518	3688	35466
285	5	32488	4686
286	14211	26119	3
287	16729	28631	4812
288	543	8490	36298
289	30417	42326	14527
290	2224	2204	2216
291	17447	25396	5
292	1089	9040	36825
293	53999	54009	6371
294	15444	39232	15434
295	38243	10429	38233
296	20773	36648	12833
297	42966	11193	35024
298	21126	37005	9208
299	47158	11426	35253
300	16725	28633	837
301	4023	15931	39760
302	31322	43230	15436
303	6721	14657	38473
304	44196	498	24337
305	30856	38792	11011
306	5	3733	31524
307	47942	5	20145
308	16538	16556	16548
309	28900	28888	5073
310	7	17	27
311	3	44642	16864
312	641	28417	631
313	38076	14232	38066
314	29165	5323	29157
315	26033	2196	26023
316	5883	33656	5873
317	3	18518	46284
318	4696	44381	20580
319	22813	10904	38690
320	1851	41540	17732
321	35419	23511	5
322	17209	5298	37044
323	5	39015	19174
324	46408	30530	10683
325	3521	39223	19396
326	28202	8367	40094
327	10674	42417	22578
328	43339	27472	3658
329	11404	47107	23308
330	27738	7889	35678
331	17571	3	25513
332	10150	22062	22073
333	10575	10583	10565
334	10081	21989	21979
335	15474	27365	27375
336	46263	6586	6576
337	6258	18165	18177
338	5754	17671	17661
339	1062	12980	12970
340	16008	27917	27929
341	6766	18680	18670
342	11262	23178	23168
343	11186	23103	23093
344	8976	20892	20882
345	13413	25324	25336
346	1102	13000	13012
347	9303	17258	17248
348	10814	18759	18749
349	10096	18042	18032
350	5188	13136	13126
351	3550	11500	11490
352	18689	26645	26635
353	5	7835	7825
354	10691	18641	18631
355	2396	2408	2416
356	12157	12169	12179
357	28923	28935	28943
358	9598	9608	9618
359	28332	28350	28342
360	11597	11615	11607
361	10500	10518	10510
362	10567	10585	10577
363	19687	19707	19699
364	24018	31970	31960
365	21286	29221	29231
366	3952	11898	11888
367	20978	28928	28918
368	5864	13804	13814
369	6065	14009	14001
370	11433	19385	19375
371	5686	13628	13640
372	5377	13334	13324
373	17271	25225	25215
374	3	2517	2507
375	42525	30625	30615
376	4431	3	48096
377	26785	26767	26777
378	20787	20767	20779
379	24279	24261	24271
380	18968	18950	18960
381	4250	4230	4242
382	7383	7363	7375
383	22912	11000	11012
384	26642	14729	14741
385	23604	11690	11700
386	28755	16843	16855
387	17496	17506	17516
388	14006	2098	2109
389	9595	5	17
390	29711	5	21771
391	20818	4932	4944
392	21002	9089	9099
393	25095	13191	13179
394	9789	5	17
395	17650	3	17640
396	18758	3	18748
397	17461	1580	9521
398	28599	12721	20659
399	22412	6525	14470
400	2283	45932	7
401	30792	22850	46654
402	5	39888	12108
403	26609	18667	42485
404	42066	34130	6343
405	6085	7	25922
406	4595	20483	20493
407	8632	24514	32452
408	7	12943	20883
409	3	21124	29072
410	42324	2620	10566
411	28637	40543	856
412	610	12512	24414
413	39577	3	11792
414	25706	41578	6
415	8778	28622	16722
416	2846	22677	10786
417	45027	9289	7
418	21290	33195	13344
419	13921	25823	5984
420	8478	24353	538
421	11705	31545	11695
422	5	14757	50488
423	27750	43616	27740
424	8865	24723	8855
425	10941	26788	10931
426	14	17399	4
427	14223	26132	14233
428	5135	17046	5145
429	5	8671	16
430	3	26196	26186
431	13171	25080	13183
432	13718	25623	13730
433	8084	19993	8094
434	11568	23476	11579
435	49278	5636	7
436	11555	11563	11545
437	8416	8426	8406
438	30521	30531	30511
439	7955	7964	7945
440	23900	35795	23890
441	15144	27049	15134
442	17	10727	5
443	15397	23341	23333
444	8830	16784	16774
445	16666	24616	24606
446	10724	18669	18659
447	5	10539	2598
448	16065	16073	16055
449	12309	24204	12299
450	868	12774	858
451	17	7042	7
452	22974	22986	22996
453	12348	12358	12368
454	10760	10770	10780
455	16709	16719	16727
456	16583	16595	28502
457	16475	16485	28406
458	6573	6583	18487
459	5675	13622	13634
460	3	4690	4701
461	3	16601	16613
462	27957	27969	27977
463	11082	11092	11102
464	9423	9433	9443
465	30466	30478	42380
466	15545	15557	27465
467	13447	21392	21402
468	3	6013	6023
469	3	21891	21901
470	7627	23502	23514
471	1190	17086	17096
472	8457	24349	24361
473	1837	13761	21703
474	37589	5	5809
475	8373	20292	28237
476	3	9748	21669
477	14575	6624	22517
478	16297	8347	24240
479	16881	8931	24826
480	2850	3	14773
481	21585	21573	33493
482	9835	9823	21741
483	10730	10718	22638
484	3358	3348	15259
485	2651	2640	14563
486	8565	8555	24440
487	1669	1657	17544
488	7076	7064	18974
489	14633	14623	26539
490	2461	2451	14370
491	2717	2707	14612
492	50006	3	2384
493	13019	44786	20971
494	33875	14023	41818
495	12042	43790	19982
496	29447	9588	37386
497	11344	43106	19296
498	41154	17331	3
499	29554	1754	21615
500	13889	37699	5947
501	3432	27244	47086
502	13377	13394	13386
503	27814	7958	27804
504	15291	39107	7344
505	4526	28341	5
506	44784	20969	36844
507	28258	4428	20317
508	12422	40198	4480
509	19742	19750	19732
510	23223	3356	23213
511	11341	47032	11331
512	35855	19966	35845
513	20564	4671	20554
514	5042	40745	5032
515	6	30038	49884
516	37921	45857	14111
517	12652	20594	40447
518	45077	1419	21269
519	26682	26692	3
520	22336	22347	3
521	11072	11082	3129
522	14719	14729	14709
523	10035	10043	10025
524	28659	28667	28649
525	24793	24803	24783
526	26647	26657	26637
527	26957	26967	26947
528	9204	21094	9194
529	13	6742	3
530	19107	19117	38951
531	3	13	18687
532	14659	2746	14669
533	9405	3	9417
534	7894	27748	7904
535	5	19840	15
536	13	16809	3
537	13034	28924	3
538	24242	24224	24234
539	10125	29986	2185
540	42942	11158	34998
541	18175	38021	10233
542	3	16285	40113
543	19843	47619	19833
544	28343	4506	28333
545	36500	4726	28558
546	29468	5	21521
547	25026	25036	13111
548	26038	26048	14127
549	4758	4768	44471
550	24458	24468	12547
551	22324	22334	10409
552	16887	16897	4970
553	8003	8015	5
554	22465	22475	3
555	14121	14131	2212
556	14951	14961	3049
557	20363	20373	8456
558	27014	27024	15102
559	8923	8933	7
560	20614	20626	3
561	11940	11950	47685
562	21738	21748	5840
563	24948	24958	9056
564	13534	13544	1619
565	8289	8299	5
566	25002	25012	3
567	32254	40196	12406
568	5504	13446	37260
569	33509	41445	13653
570	5	2910	30697
571	907	36628	12818
572	44207	28335	4527
573	11826	47533	23745
574	33155	17265	45073
575	14348	2432	30231
576	8918	3	24804
577	1826	37560	21681
578	30816	14935	5
579	30459	10613	10603
580	4359	36110	36100
581	24684	4854	4844
582	12443	40248	40238
583	4	24729	24721
584	26074	10211	10201
585	6762	42483	42473
586	39644	23782	23772
587	22787	6921	6911
588	17117	1258	1248
589	21603	5726	5716
590	15761	3848	5
591	20848	8943	8953
592	16447	4537	4548
593	13518	1608	1620
594	25828	13915	13925
595	14863	2944	2956
596	24317	12414	12404
597	29259	17353	17343
598	8831	3	15
599	29716	3	29706
600	22374	6478	22364
601	7611	43300	7601
602	7	31343	47220
603	22722	46536	10798
604	4717	28542	44415
605	35481	7702	23581
606	7385	31206	47083
607	29942	5	14059
608	24993	13080	5140
609	10158	45885	37947
610	28515	12636	4692
611	16525	655	44300
612	44895	29033	21102
613	6151	41840	33908
614	37136	21274	13342
615	8183	43892	35961
616	34657	18803	10874
617	11864	47559	39634
618	35904	20034	12098
619	3562	39268	31332
620	42722	30820	18922
621	23477	11573	5
622	15976	4065	5
623	16112	15	5
624	13678	3	49378
625	31297	7495	19397
626	11432	39193	4
627	32327	8523	20429
628	29640	5825	17737
629	12408	40159	500
630	33478	9671	21588
631	13984	41750	2084
632	5	22793	38672
633	35402	3	11597
634	14507	34330	42257
635	45202	13446	21388
636	23060	42887	3
637	3282	23127	38998
638	40723	4992	20874
639	5844	21715	37603
640	26588	42455	6754
641	13254	29136	45007
642	3	12067	27948
643	25130	44970	9255
644	43187	11427	31279
645	16634	36465	4732
646	40776	5043	24903
647	12908	28766	7
648	45965	14204	26123
649	28137	3	8286
650	30638	46515	10788
651	5	17318	29231
652	29803	5971	21865
653	20281	5	12339
654	16647	32522	4739
655	7	12639	40428
656	26635	5	26646
657	23912	8028	23924
658	5474	41212	5486
659	22062	6173	22072
660	8606	44353	8596
661	33208	17298	33198
662	22853	6946	22863
663	15691	7	15701
664	25806	25786	25798
665	21220	21202	21212
666	21318	21308	21328
667	15783	15773	15793
668	6121	6102	6112
669	12154	12134	12146
670	7844	7824	7836
671	33663	25700	33653
672	23930	15974	23920
673	27645	19689	27635
674	22011	21991	22003
675	28096	28076	28087
676	25340	25328	25348
677	23843	23831	23853
678	25138	25128	25148
679	4566	4548	4558
680	20519	20501	20511
681	16597	16578	16588
682	15632	15614	15624
683	8395	8376	8386
684	12558	12538	12550
685	3709	3701	3689
686	13390	13370	13382
687	25456	25436	25448
688	11879	11859	11871
689	5084	5066	5076
690	21500	21518	21510
691	26368	26378	26358
692	17888	17868	17879
693	15882	15862	15874
694	12045	12035	12055
695	23500	23510	23519
696	5659	5669	5679
697	31166	31176	31186
698	27533	27553	27545
699	8535	8543	8525
700	13684	13674	13692
701	20040	20030	20050
702	16276	16286	16296
703	10343	10323	10335
704	12085	12127	12127
705	4216	4235	4226
706	17284	17296	17304
707	10351	10361	10371
708	23985	23977	23967
709	17303	17283	17295
710	16506	16486	16498
711	11323	11305	11315
712	19915	19907	19897
713	8149	8141	8131
714	30068	30078	30086
715	16677	16689	16697
716	24828	24840	24848
717	22125	22117	22105
718	21823	21833	21813
719	5168	5158	5148
720	32597	32587	32577
721	11551	11543	11533
722	9328	9320	9310
723	30186	30166	30178
724	11320	11338	11330
725	7294	7286	7276
726	13206	13198	13188
727	10023	10033	10043
728	20255	3	3
729	24828	24808	24820
730	5591	5573	5583
731	11415	11395	11407
732	17573	17555	17565
733	6503	6493	6483
734	24529	24521	24511
735	8729	8709	8719
736	29783	29763	29775
737	4289	4269	4281
738	25120	25112	25102
739	28423	28443	28433
740	14022	14032	14042
741	19271	19282	19291
742	17778	17786	17768
743	8397	8387	8377
744	25307	25297	25317
745	9568	9548	9560
746	3	3	12157
747	21135	21145	21153
748	10276	10286	10296
749	21891	21899	21881
750	9448	9459	9468
751	7343	7353	7363
752	19115	19126	19135
753	8161	8150	12115
754	8674	8654	8666
755	31353	31333	31345
756	24322	24332	24312
757	24714	24724	24704
758	12339	12347	12329
759	28858	28878	28869
760	7281	7271	7261
761	30017	29997	30009
762	16639	16629	16649
763	22591	22601	22611
764	9709	9719	9699
765	11802	11820	11812
766	5992	5972	5983
767	21447	21439	21429
768	6847	6855	6837
769	28404	28392	28412
770	29051	29039	29059
771	14926	14934	14916
772	5362	5372	5382
773	14891	14881	14901
774	28824	28834	28844
775	22914	22904	22924
776	29255	29265	29275
777	4244	4234	4224
778	25810	25802	25792
779	29207	29215	29197
780	22569	22589	22581
781	18598	18606	18588
782	25425	25436	25445
783	7223	7215	7205
784	8100	8108	8090
785	26929	26948	26939
786	13940	13930	13950
787	9719	9699	9711
788	28433	28445	28453
789	20619	20639	20631
790	14726	14746	14736
791	19492	19500	19482
792	27866	27886	27878
793	25326	25338	25346
794	10745	10755	10765
795	7701	7691	7681
796	24538	24528	24548
797	12071	12063	12053
798	11132	11122	11142
799	12931	12949	12941
800	27799	27779	27791
801	24666	24656	24646
802	24637	24655	24647
803	19181	19199	19191
804	8600	8610	8590
805	12929	12941	12949
806	8331	8323	8313
807	32077	32087	32097
808	11462	11444	11454
809	12355	12375	12367
810	25925	25945	25937
811	7786	7806	7798
812	18489	18499	18509
813	19676	19696	19688
814	21845	21855	21865
815	7503	7523	7515
816	12407	12395	12415
817	11613	11621	11603
818	19299	19309	19319
819	10840	10820	10832
820	19420	19410	19400
821	5418	5410	5400
822	19659	19668	19649
823	11315	11325	11335
824	18986	18974	18994
825	27466	27476	27486
826	6812	6820	6800
827	7002	6982	6993
828	17063	17045	17055
829	21334	21326	21316
830	10833	10851	10843
831	25957	25947	25967
832	6907	6917	6927
833	13110	13118	13100
834	22788	22780	22770
835	21704	21684	21696
836	6190	6198	6180
837	32476	32456	32468
838	21610	21602	21592
839	28027	28045	28037
840	16231	16251	16243
841	19167	19177	19187
842	26279	26299	26291
843	20885	20865	20876
844	11327	11307	11319
845	12558	12550	12540
846	17835	17843	17825
847	7902	7894	7884
848	7701	7681	7693
849	15838	15830	15820
850	28559	28550	28540
851	27863	27855	27845
852	6773	6765	6755
853	7015	7033	7025
854	29814	29834	29826
855	25440	25450	25430
856	14168	14178	14158
857	24267	24248	24258
858	21304	21294	21314
859	4861	4869	4851
860	30460	30452	30442
861	11635	11617	11627
862	14433	14453	14445
863	13233	13252	13243
864	17017	17037	17029
865	16372	16353	16363
866	17489	17499	17479
867	21721	21701	21712
868	23610	23600	23620
869	10730	10748	10740
870	6176	6166	6186
871	18090	18080	18100
872	8123	8135	8143
873	9384	9394	9374
874	15433	15423	15443
875	20909	20919	20929
876	16228	16239	16248
877	9344	9356	9364
878	13002	13022	13014
879	12538	12547	12528
880	7400	7420	7412
881	18984	18972	18992
882	14855	14835	14847
883	13980	13990	13970
884	17614	17594	17606
885	8523	8541	8533
886	26847	26865	26857
887	8119	8139	8129
888	20069	20059	20049
889	7707	7699	7689
890	6852	6872	6864
891	28180	28160	28171
892	25862	25852	25872
893	23120	23111	23101
894	21505	21483	21497
895	13937	13925	13945
896	23651	23641	23660
897	27762	27780	27772
898	12841	12861	12853
899	5618	5608	5598
900	20767	20757	20777
901	12528	12518	12538
902	16290	16278	16298
903	10634	10652	10644
904	8513	8532	8523
905	13958	13966	13948
906	18368	18376	18358
907	25546	25555	25536
908	6262	6280	6272
909	14218	14228	14238
910	11433	11445	11455
911	11420	11410	11430
912	29088	29078	29068
913	4124	4142	4134
914	20485	20465	20475
915	21334	21326	21316
916	23538	23547	23527
917	28482	28490	28472
918	16874	16865	16855
919	17352	17372	17364
920	26288	26300	26308
921	26460	26448	26468
922	26328	26338	26348
923	9819	9839	9831
924	22645	22655	22665
925	25558	25550	25540
926	27370	27362	27352
927	26457	26477	26469
928	12033	12053	12043
929	7125	7115	7135
930	32444	32462	32454
931	8248	8256	8238
932	22700	22710	22720
933	3	14857	3
934	14133	14153	14145
935	9751	9761	9741
936	14524	14532	14512
937	27467	27477	27457
938	27557	27565	27547
939	6601	6611	6619
940	23224	23212	23232
941	5700	5692	5682
942	23669	23679	23689
943	27648	27668	27660
944	22523	22499	22513
945	28981	28972	28962
946	14463	14445	14455
947	6804	6812	6794
948	24123	24133	24143
949	13576	13596	13588
950	16726	16734	16716
951	26830	26850	26842
952	31832	31812	31824
953	23491	23473	23483
954	17547	17527	17538
955	28514	28526	28534
956	15553	15541	15561
957	19080	19068	19088
958	6467	6457	6475
959	27311	27321	27331
960	22457	22465	22447
961	25144	25152	25134
962	9483	9463	9474
963	7745	7763	7755
964	7170	7160	7180
965	31446	31426	31438
966	26874	26884	26864
967	26742	26734	26724
968	21791	21800	21781
969	5555	5545	5565
970	15499	15509	15489
971	7376	7394	7386
972	27478	27488	27468
973	4507	4517	4527
974	13310	13318	13300
975	22877	22867	22887
976	16147	16156	16136
977	3746	3754	3736
978	11868	11860	11850
979	24343	24351	24333
980	19580	19588	19568
981	22062	22074	22082
982	20798	20788	20808
983	12630	12618	12638
984	18662	18654	18644
985	3	3	21536
986	25284	25273	25293
987	18247	18237	18257
988	13539	13529	13549
989	15745	15735	15755
990	17026	17036	17046
991	26925	26915	26935
992	9871	9881	9891
993	26806	26818	26826
994	14548	14536	14556
995	26021	26011	26031
996	14806	14816	14826
997	22594	22582	22602
998	18472	18462	18482
999	22996	23004	22986

