Reaction test v3
type	A+B+C
number	1000

max value	65536
unit	us

test	A	B	C
0	693	714	724
1	430	449	440
2	646	664	656
3	111	130	121
4	163	183	174
5	46	56	64
6	506	516	524
7	375	385	393
8	556	576	568
9	944	962	954
10	243	263	255
11	12	22	32
12	814	823	833
13	549	557	565
14	583	603	595
15	322	332	342
16	297	317	309
17	498	508	516
18	378	398	390
19	160	172	180
20	539	549	557
21	408	418	428
22	112	124	132
23	25	34	44
24	950	958	968
25	320	330	340
26	984	994	1004
27	616	628	636
28	172	182	192
29	591	610	601
30	749	769	761
31	100	110	120
32	772	782	792
33	127	147	139
34	89	99	107
35	835	843	853
36	91	99	109
37	379	389	399
38	844	854	864
39	992	17	7
40	996	7	17
41	813	823	833
42	405	415	423
43	828	848	840
44	9	27	19
45	325	345	337
46	896	914	906
47	8	28	20
48	462	480	472
49	513	529	521
50	987	997	5
51	732	752	744
52	815	825	835
53	804	814	824
54	729	739	749
55	479	497	489
56	248	267	258
57	97	107	115
58	371	383	391
59	622	632	640
60	196	208	216
61	45	53	63
62	792	802	812
63	749	759	767
64	590	600	608
65	850	860	868
66	196	206	214
67	405	425	416
68	376	394	386
69	507	527	519
70	324	342	334
71	312	330	322
72	204	214	224
73	344	354	362
74	69	89	81
75	894	912	904
76	260	270	278
77	252	272	264
78	138	156	148
79	381	390	400
80	760	778	770
81	211	230	221
82	775	787	795
83	187	199	207
84	506	524	516
85	745	757	765
86	258	266	276
87	890	900	908
88	416	426	434
89	335	345	355
90	350	370	362
91	671	683	691
92	708	718	728
93	733	743	753
94	421	439	431
95	223	241	233
96	635	653	645
97	301	318	309
98	230	250	242
99	131	141	149
100	388	406	398
101	785	795	805
102	151	170	161
103	370	388	380
104	63	81	73
105	3	23	15
106	800	810	818
107	805	815	825
108	183	193	203
109	807	817	825
110	71	81	91
111	903	919	911
112	429	449	440
113	661	671	681
114	32	50	42
115	562	580	572
116	241	251	260
117	674	684	694
118	11	29	21
119	894	912	904
120	466	486	478
121	346	364	356
122	622	632	642
123	399	419	410
124	541	559	551
125	164	182	174
126	151	161	171
127	80	90	100
128	991	6	16
129	636	646	654
130	773	792	783
131	714	724	734
132	77	97	88
133	121	139	131
134	959	979	969
135	881	889	899
136	635	646	655
137	340	350	358
138	541	559	551
139	954	974	965
140	586	596	606
141	256	274	266
142	203	211	221
143	955	965	975
144	318	328	338
145	391	399	409
146	111	129	121
147	581	599	591
148	468	476	486
149	569	589	581
150	250	268	260
151	989	7	1000
152	933	949	941
153	410	430	422
154	710	720	728
155	787	797	805
156	628	638	648
157	257	265	275
158	737	755	747
159	876	895	886
160	37	47	57
161	485	503	495
162	492	504	512
163	247	265	257
164	601	619	611
165	296	316	308
166	676	694	686
167	635	652	645
168	418	470	430
169	920	928	938
170	984	1002	994
171	78	98	90
172	221	233	241
173	783	793	803
174	909	919	929
175	213	233	225
176	918	934	926
177	708	725	716
178	687	697	707
179	438	456	448
180	281	301	293
181	747	767	759
182	633	641	651
183	217	227	235
184	563	573	583
185	920	936	928
186	204	222	214
187	228	238	246
188	119	137	129
189	294	312	304
190	558	576	568
191	942	952	962
192	579	589	599
193	363	381	373
194	455	475	467
195	795	811	803
196	957	967	975
197	723	742	735
198	654	664	672
199	221	241	233
200	149	165	157
201	470	490	482
202	33	53	45
203	795	805	813
204	969	979	989
205	235	245	255
206	745	753	763
207	365	375	385
208	483	501	493
209	93	111	103
210	175	193	185
211	920	928	938
212	861	879	871
213	423	433	443
214	296	316	308
215	672	690	682
216	912	920	930
217	676	686	694
218	540	552	560
219	5	25	17
220	149	159	167
221	744	762	754
222	153	163	171
223	644	662	654
224	798	818	810
225	549	557	567
226	807	817	825
227	174	182	192
228	170	180	188
229	110	128	120
230	582	600	592
231	732	752	744
232	907	917	925
233	659	667	677
234	729	747	739
235	639	659	650
236	216	233	225
237	194	203	213
238	737	747	757
239	823	839	831
240	994	7	15
241	447	457	465
242	588	606	598
243	402	412	420
244	110	128	120
245	627	645	637
246	492	510	502
247	40	59	50
248	654	672	664
249	528	538	548
250	43	61	53
251	56	74	66
252	367	379	387
253	48	60	68
254	909	927	919
255	554	572	564
256	847	857	867
257	712	720	730
258	733	751	743
259	755	773	765
260	592	610	602
261	463	473	483
262	592	604	612
263	260	278	270
264	288	306	298
265	410	430	422
266	34	54	46
267	501	518	510
268	295	313	305
269	792	810	802
270	339	357	349
271	247	257	265
272	828	838	848
273	290	310	302
274	438	458	450
275	820	840	832
276	946	956	966
277	447	467	459
278	892	902	912
279	401	419	411
280	457	467	477
281	565	585	577
282	837	857	849
283	690	700	710
284	937	957	949
285	689	699	709
286	655	673	665
287	248	266	258
288	504	520	512
289	992	13	5
290	717	735	727
291	412	422	432
292	340	360	352
293	267	277	285
294	241	251	261
295	158	168	178
296	470	488	480
297	478	496	488
298	13	31	23
299	809	829	821
300	267	277	285
301	473	492	483
302	380	400	392
303	155	171	163
304	569	587	579
305	131	141	151
306	270	288	280
307	828	846	838
308	894	904	914
309	682	692	702
310	885	895	905
311	473	493	485
312	948	968	960
313	477	495	487
314	280	298	290
315	460	480	472
316	729	739	749
317	607	625	617
318	188	208	200
319	941	951	961
320	613	623	631
321	642	660	652
322	158	168	178
323	966	984	976
324	743	762	753
325	821	839	831
326	151	169	161
327	869	887	881
328	470	478	488
329	818	828	836
330	207	225	217
331	117	125	135
332	981	999	991
333	177	195	187
334	736	746	754
335	800	820	811
336	775	785	795
337	361	371	379
338	43	63	54
339	30	40	50
340	99	119	111
341	845	865	857
342	9	29	21
343	251	261	271
344	586	596	606
345	134	143	153
346	526	544	536
347	277	295	287
348	140	150	158
349	281	291	301
350	858	866	876
351	353	373	365
352	805	817	825
353	914	934	926
354	204	222	214
355	888	908	900
356	496	514	506
357	986	6	996
358	273	283	293
359	320	331	340
360	850	860	870
361	316	326	334
362	282	302	294
363	879	895	887
364	607	627	619
365	172	190	182
366	313	323	331
367	532	550	542
368	78	90	98
369	914	924	934
370	310	330	322
371	221	231	239
372	573	583	591
373	477	489	497
374	126	143	135
375	378	390	398
376	938	958	950
377	85	95	103
378	860	878	870
379	320	338	330
380	501	520	511
381	976	986	994
382	918	926	936
383	631	649	641
384	124	134	143
385	781	791	801
386	262	282	274
387	95	115	107
388	464	474	484
389	869	879	887
390	213	231	223
391	985	7	995
392	35	45	55
393	354	364	374
394	468	488	480
395	91	111	103
396	494	512	504
397	347	357	367
398	731	743	751
399	749	759	769
400	451	469	461
401	351	371	363
402	616	626	635
403	963	983	975
404	603	621	613
405	384	394	404
406	776	794	786
407	310	330	322
408	973	991	983
409	616	635	626
410	940	950	960
411	85	93	103
412	479	497	489
413	632	652	643
414	429	449	441
415	21	31	41
416	237	247	257
417	65	73	83
418	502	512	522
419	736	746	756
420	86	96	106
421	765	777	785
422	575	583	593
423	50	66	58
424	648	658	666
425	885	903	895
426	943	953	961
427	921	929	939
428	453	471	463
429	159	177	169
430	64	84	76
431	237	256	247
432	874	884	893
433	655	665	674
434	653	663	672
435	956	966	974
436	772	783	792
437	214	223	233
438	288	306	298
439	844	854	864
440	29	39	47
441	541	551	561
442	523	543	534
443	14	34	26
444	549	569	561
445	649	669	659
446	504	514	522
447	958	966	976
448	767	785	777
449	921	939	931
450	848	867	858
451	314	332	324
452	222	232	242
453	426	436	446
454	701	721	713
455	648	666	658
456	568	578	588
457	462	480	472
458	903	913	921
459	507	517	527
460	324	344	336
461	3	23	15
462	509	527	519
463	239	258	249
464	837	846	854
465	622	640	632
466	510	520	530
467	818	835	826
468	910	930	922
469	518	527	537
470	592	600	610
471	699	707	717
472	907	925	917
473	994	7	17
474	18	37	28
475	793	811	803
476	705	713	723
477	926	936	946
478	637	645	653
479	847	865	857
480	99	109	117
481	110	118	126
482	50	60	70
483	740	760	752
484	196	206	216
485	234	244	254
486	877	887	895
487	112	124	132
488	911	931	923
489	686	696	706
490	99	109	119
491	976	986	996
492	666	684	676
493	789	809	801
494	969	977	987
495	740	758	750
496	654	672	664
497	990	3	15
498	907	925	917
499	603	613	623
500	402	420	412
501	736	754	746
502	723	733	743
503	761	779	771
504	798	808	817
505	701	721	713
506	982	1000	992
507	520	538	530
508	816	835	826
509	72	80	90
510	363	371	381
511	582	602	592
512	497	515	507
513	909	919	929
514	151	161	169
515	614	624	634
516	38	48	56
517	620	640	632
518	832	844	852
519	599	609	619
520	725	733	743
521	698	706	716
522	187	205	197
523	453	473	465
524	440	450	458
525	595	615	607
526	462	472	482
527	753	761	771
528	585	603	595
529	489	509	501
530	768	778	788
531	961	977	969
532	968	977	987
533	986	996	4
534	661	671	681
535	807	825	817
536	54	72	64
537	620	628	638
538	69	79	89
539	954	964	972
540	61	81	73
541	539	549	559
542	654	674	665
543	584	594	604
544	935	955	947
545	153	171	163
546	446	466	458
547	275	283	293
548	965	975	985
549	421	431	439
550	352	362	372
551	162	172	182
552	952	970	962
553	539	557	549
554	641	661	652
555	217	227	235
556	992	7	19
557	988	13	3
558	429	449	441
559	207	217	227
560	652	672	664
561	831	851	843
562	466	476	486
563	619	638	629
564	794	813	804
565	496	516	508
566	792	802	810
567	436	446	456
568	256	274	266
569	528	546	538
570	50	70	61
571	686	704	696
572	463	471	481
573	985	995	7
574	147	166	157
575	906	916	926
576	93	109	101
577	723	741	733
578	773	783	793
579	862	880	872
580	918	934	926
581	454	474	466
582	374	384	394
583	762	772	780
584	151	161	171
585	363	373	383
586	654	672	664
587	562	572	582
588	87	95	105
589	263	282	273
590	833	852	843
591	310	328	320
592	878	888	897
593	936	946	956
594	746	756	766
595	352	362	372
596	153	171	163
597	372	382	390
598	534	542	552
599	284	302	296
600	331	350	341
601	228	248	240
602	168	178	188
603	457	467	477
604	22	32	42
605	133	143	151
606	554	564	572
607	504	524	516
608	383	393	403
609	663	671	681
610	68	78	88
611	88	106	98
612	309	317	327
613	821	841	832
614	329	339	348
615	226	246	238
616	777	797	789
617	684	696	704
618	598	616	608
619	732	742	752
620	136	156	148
621	532	550	542
622	168	186	178
623	682	700	692
624	402	420	412
625	971	981	991
626	39	47	57
627	382	400	392
628	355	365	375
629	371	389	381
630	960	978	970
631	163	181	173
632	995	19	9
633	76	84	94
634	936	953	944
635	830	848	840
636	483	491	501
637	129	145	137
638	360	378	370
639	329	339	347
640	300	320	311
641	176	196	188
642	908	918	928
643	865	875	885
644	839	859	851
645	326	334	344
646	920	940	932
647	716	726	734
648	781	799	791
649	965	985	977
650	211	221	231
651	233	245	253
652	875	885	895
653	779	797	789
654	603	621	613
655	104	122	114
656	652	672	664
657	757	775	767
658	591	601	611
659	961	981	973
660	556	573	564
661	935	945	955
662	755	765	775
663	363	371	381
664	890	900	908
665	879	899	891
666	732	750	742
667	622	634	642
668	711	728	720
669	155	175	167
670	72	90	82
671	764	772	782
672	288	305	296
673	935	945	955
674	422	440	432
675	829	839	849
676	766	784	776
677	785	805	797
678	260	280	272
679	355	375	367
680	29	37	47
681	252	262	272
682	550	567	558
683	665	685	677
684	771	783	791
685	579	597	589
686	40	58	50
687	710	720	730
688	758	776	768
689	601	609	617
690	221	231	239
691	590	608	600
692	6	16	26
693	206	226	218
694	811	829	821
695	236	256	247
696	372	390	382
697	750	770	761
698	875	892	883
699	959	967	977
700	468	488	480
701	982	1002	994
702	766	784	776
703	130	142	150
704	27	37	45
705	768	788	780
706	412	420	430
707	757	775	767
708	183	192	202
709	24	40	32
710	153	171	163
711	406	416	425
712	772	790	782
713	142	160	152
714	46	66	58
715	858	868	878
716	943	955	963
717	374	394	386
718	834	842	852
719	281	291	301
720	532	544	552
721	172	190	182
722	18	38	29
723	580	598	590
724	850	868	860
725	384	402	394
726	305	315	323
727	578	588	598
728	653	673	665
729	893	903	913
730	31	49	41
731	8	26	18
732	504	524	516
733	880	888	898
734	794	804	814
735	539	557	549
736	742	750	760
737	903	912	922
738	773	793	785
739	52	62	72
740	646	664	656
741	981	991	1001
742	558	568	578
743	990	15	7
744	303	313	322
745	470	490	481
746	428	446	438
747	863	875	883
748	41	51	59
749	680	690	700
750	915	931	923
751	132	152	144
752	700	718	710
753	665	683	675
754	198	218	210
755	333	341	351
756	414	422	430
757	671	687	679
758	815	833	825
759	626	646	638
760	978	996	988
761	3	23	15
762	52	64	72
763	922	942	934
764	929	939	949
765	643	651	661
766	841	849	859
767	485	495	505
768	465	475	485
769	217	227	237
770	410	418	426
771	805	815	823
772	693	701	709
773	387	405	397
774	458	478	470
775	684	702	694
776	729	741	749
777	734	750	742
778	263	281	273
779	560	570	580
780	324	344	336
781	828	833	828
782	568	578	586
783	665	675	685
784	122	142	133
785	715	733	725
786	636	646	654
787	708	718	728
788	579	597	589
789	48	58	66
790	343	353	361
791	129	139	149
792	423	433	443
793	181	191	201
794	74	92	84
795	732	742	752
796	472	490	482
797	504	514	524
798	236	254	246
799	194	204	212
800	372	382	391
801	710	722	730
802	552	569	561
803	374	392	384
804	985	995	5
805	213	223	233
806	587	595	603
807	648	660	668
808	764	774	784
809	860	880	872
810	481	491	499
811	959	969	979
812	791	809	801
813	764	774	782
814	468	478	488
815	524	542	534
816	33	41	51
817	168	176	186
818	467	475	485
819	123	142	133
820	845	865	857
821	975	985	995
822	543	561	553
823	106	126	118
824	128	146	138
825	78	98	90
826	483	493	501
827	85	97	105
828	230	238	248
829	703	721	713
830	777	795	787
831	219	237	229
832	852	862	870
833	18	37	28
834	311	319	327
835	249	257	265
836	378	398	390
837	367	387	379
838	775	793	785
839	194	204	214
840	219	229	239
841	494	504	512
842	816	836	828
843	850	870	862
844	886	894	904
845	974	992	984
846	371	389	381
847	856	866	874
848	577	593	585
849	588	598	606
850	669	687	679
851	874	884	893
852	344	362	354
853	246	265	256
854	174	185	194
855	10	20	29
856	979	998	989
857	762	774	782
858	67	77	87
859	121	139	131
860	740	750	758
861	61	81	73
862	9	29	21
863	397	409	417
864	950	960	970
865	693	713	705
866	52	70	62
867	417	437	429
868	588	596	606
869	303	313	323
870	172	188	180
871	326	346	338
872	393	403	411
873	760	770	778
874	354	364	372
875	568	588	579
876	303	321	313
877	684	692	702
878	269	287	279
879	24	42	34
880	438	457	448
881	263	273	283
882	338	348	356
883	489	507	499
884	294	312	304
885	963	975	983
886	690	700	708
887	204	214	222
888	556	568	576
889	575	593	585
890	365	383	375
891	351	361	369
892	399	409	419
893	433	441	451
894	796	814	806
895	881	891	899
896	531	540	550
897	788	808	800
898	247	257	265
899	101	112	121
900	462	482	474
901	585	595	603
902	661	680	671
903	723	733	743
904	48	58	68
905	83	95	103
906	247	257	267
907	866	884	876
908	307	317	325
909	517	525	535
910	172	192	184
911	335	353	345
912	691	701	711
913	811	831	823
914	982	992	1002
915	201	219	211
916	434	444	452
917	346	364	356
918	729	749	741
919	824	842	834
920	537	547	557
921	367	377	385
922	731	749	741
923	539	549	557
924	248	266	258
925	607	625	617
926	668	678	687
927	935	945	955
928	612	632	624
929	483	493	503
930	642	652	662
931	772	790	782
932	762	771	781
933	477	497	489
934	258	278	270
935	44	64	56
936	185	195	203
937	58	68	78
938	228	246	238
939	488	507	498
940	753	763	773
941	20	40	32
942	372	382	390
943	571	591	583
944	140	158	150
945	59	69	79
946	543	553	563
947	890	900	908
948	762	772	782
949	684	694	704
950	170	178	186
951	185	195	205
952	511	529	521
953	442	450	460
954	325	335	343
955	397	407	417
956	10	29	20
957	663	680	672
958	383	400	392
959	627	645	637
960	148	158	166
961	620	630	638
962	279	289	297
963	858	868	878
964	960	978	970
965	15	27	35
966	933	943	953
967	611	629	621
968	748	758	768
969	943	961	953
970	139	158	149
971	225	243	235
972	443	463	455
973	884	894	904
974	740	758	750
975	777	795	787
976	759	769	779
977	382	390	400
978	128	140	148
979	994	9	19
980	423	433	441
981	671	691	683
982	395	405	413
983	425	442	433
984	912	922	930
985	680	698	690
986	329	349	341
987	277	297	288
988	545	555	565
989	368	386	378
990	507	515	525
991	144	162	154
992	536	554	546
993	577	595	587
994	52	60	70
995	672	690	682
996	640	658	650
997	913	929	921
998	338	348	356
999	744	755	764

