Reaction test v3
type	A+B+C
number	1000

max value	65536
unit	us

test	A	B	C
0	26	36	7
1	8	3	14648
2	5	17	25
3	15	5	25
4	8	9761	3
5	23	5	15
6	4	16	24
7	23	13	3
8	15	5	25
9	3	13	23
10	7	17	27
11	7	15376	3
12	3	15	23
13	13	23	3
14	7	3	15506
15	13	22	3
16	8331	3	7
17	3	15	23
18	5	15	23
19	24	4	16
20	23	3	15
21	15	23	5
22	25	5	17
23	3	7	17647
24	23	3	15
25	3	17378	3
26	21	13	3
27	3	7	16078
28	6	25	16
29	23	3	15
30	25	5	17
31	25	7	17
32	15	23	5
33	8465	3	3
34	3	23	14
35	23	5	15
36	24	6	16
37	4	14	24
38	7	17	23
39	16381	3	3
40	13	3	23
41	23	13	3
42	7	9834	3
43	15	5	25
44	13	23	3
45	7	25	17
46	5	15	23
47	3	16487	3
48	23	3	15
49	3	15	23
50	15	23	5
51	15	23	5
52	3	3	16312
53	5	15	25
54	3	8936	8
55	3	13	23
56	23	15	5
57	3	7	9436
58	17	7	25
59	17	7	27
60	13	3	23
61	3	15	23
62	3	15262	3
63	24	16	6
64	23	3	15
65	23	15	5
66	23	3	15
67	5	25	17
68	8	3	22830
69	5	15	25
70	3	14070	8
71	14	24	4
72	23	13	3
73	5	15	25
74	15	23	5
75	15854	3	7
76	15	23	5
77	13	3	23
78	15	3	23
79	15	3	23
80	15341	3	7
81	25	17	5
82	17	7	25
83	23	15	5
84	3	7	16620
85	5	15	23
86	5	25	17
87	25	5	17
88	7	3	14595
89	24	16	6
90	25	17	7
91	3	7	13901
92	13	23	3
93	21	3	13
94	3	8	17666
95	13	23	3
96	23	3	15
97	23	14	4
98	23	5	15
99	21	3	15
100	3	7503	8
101	15	23	5
102	21	3	13
103	25	17	7
104	17	7	27
105	15	23	5
106	15403	8	3
107	3	21	13
108	3	23	15
109	5	17	25
110	16	4	26
111	25	5	16
112	3	16511	7
113	5	23	15
114	15	25	5
115	16	5	25
116	13	3	23
117	3	13	23
118	23	5	15
119	23	15	5
120	23	15	5
121	15	3	23
122	5	23	15
123	5	17	25
124	23	15	5
125	23	13	3
126	15	23	5
127	7	3	8028
128	15	23	5
129	23	5	15
130	15	23	5
131	15	3	23
132	5	25	17
133	5	23	15
134	5	15	25
135	3	13	23
136	23	5	15
137	23	5	15
138	13	23	3
139	15	25	5
140	23	3	15
141	3	23	14
142	7	3	21978
143	5	15	25
144	13	23	3
145	23	13	5
146	16	5	25
147	3	15	23
148	8	8085	3
149	23	5	15
150	5	15	25
151	5	15	25
152	5	15	25
153	15	29	5
154	14	23	4
155	17	25	7
156	17	25	7
157	5	15	23
158	25	5	16
159	3	3	6795
160	23	13	3
161	25	15	5
162	3	16691	7
163	3	23	15
164	3	21	13
165	8	3	16183
166	5	15	25
167	23	5	15
168	3	16980	8
169	5	25	17
170	3	21	13
171	13	3	23
172	23	15	5
173	3	17353	3
174	5	23	15
175	3	23	15
176	17	7	25
177	5	25	17
178	3	23	15
179	4	24	16
180	15	23	5
181	5	15	25
182	14300	3	3
183	23	15	5
184	21	13	3
185	23	15	5
186	3	23	14
187	25	15	5
188	23	15	5
189	23	15	5
190	5	15	25
191	23	13	3
192	3	23	15
193	3	13	23
194	23	5	15
195	3	3	6165
196	3	21	13
197	3	21	13
198	23	13	3
199	3	23	15
200	23	5	15
201	3	3	13974
202	23	13	3
203	25	15	5
204	5	15	25
205	15	23	5
206	25	5	17
207	13	21	3
208	23	13	3
209	5	15	25
210	15	23	5
211	23	3	15
212	3	8	15651
213	15	23	5
214	5	15	25
215	7	17	25
216	4	14	24
217	7	17	25
218	15	23	3
219	25	17	7
220	17	25	5
221	15	25	5
222	21	13	3
223	3	21	13
224	23	15	5
225	3	3	16445
226	23	5	15
227	23	3	15
228	3	3	16591
229	13	3	23
230	15	5	25
231	8000	3	7
232	25	17	7
233	15	25	5
234	17	5	25
235	7	25	17
236	3	15	23
237	6242	3	3
238	25	17	7
239	23	15	3
240	5	23	15
241	5	23	15
242	16501	3	3
243	3	13	23
244	3	15	23
245	25	17	7
246	25	17	7
247	25	17	7
248	3	7	14210
249	15	25	5
250	15	3	23
251	5	17	25
252	5	17	25
253	23	3	15
254	15	25	5
255	14231	3	8
256	23	3	15
257	15	25	7
258	25	17	7
259	25	16	6
260	23	15	5
261	15	5	25
262	15	5	25
263	23	15	5
264	25	17	7
265	17	5	25
266	5	25	17
267	23	3	15
268	23	15	7
269	3	12521	3
270	3	23	15
271	25	5	17
272	3	8468	3
273	23	13	3
274	17	7	27
275	8	17297	3
276	25	5	17
277	25	5	17
278	17	25	7
279	3	3	15430
280	13	21	3
281	7	17	27
282	13	23	3
283	3	3	15526
284	13	3	23
285	17	25	7
286	5	15	25
287	5	15	25
288	8	15428	3
289	15	23	5
290	3	15	23
291	3	13	23
292	25	16	6
293	3	23	15
294	5	23	15
295	3	3	15927
296	3	14	23
297	21	13	3
298	3	3	8316
299	15	5	25
300	3	15	23
301	6251	8	3
302	15	5	25
303	21992	8	3
304	23	5	15
305	13	3	23
306	23	15	5
307	23	15	5
308	25	15	5
309	13	3	23
310	23	15	5
311	3	15	23
312	25	5	17
313	22	13	3
314	6	16	26
315	15	25	5
316	23	5	15
317	24	6	16
318	3	15	23
319	3	23	15
320	17	5	25
321	5	15	25
322	5	15	25
323	8500	3	3
324	15	23	5
325	23	5	15
326	24	4	16
327	3	7	15133
328	13	23	3
329	7	25	17
330	25	15	5
331	3	23	14
332	13	22	3
333	25	5	17
334	25	5	17
335	25	17	7
336	17	25	7
337	3	15	23
338	3	21	13
339	16	4	24
340	15	23	5
341	13	23	3
342	15	23	5
343	15	25	5
344	13	3	23
345	15	3	23
346	13	3	23
347	23	15	5
348	5	23	15
349	17	5	25
350	5	23	15
351	23	15	5
352	16	25	6
353	24	14	4
354	15	23	5
355	13	21	3
356	23	3	15
357	3	8236	7
358	23	13	3
359	13	23	3
360	23	3	15
361	3	23	15
362	5	25	17
363	17	25	7
364	5	17	25
365	5	15	25
366	3	7353	8
367	15	25	5
368	3	3	15734
369	4	14	23
370	23	15	5
371	3	3	15875
372	23	14	4
373	15	5	23
374	3	23	14
375	3	21	13
376	23	15	5
377	23	15	5
378	3	13	23
379	13	21	3
380	21	3	13
381	15	5	25
382	13	3	23
383	15	23	5
384	13	21	3
385	17704	8	3
386	3	23	15
387	23	5	15
388	23	5	15
389	23	3	15
390	23	3	15
391	13	23	3
392	17	25	7
393	17	25	7
394	21	3	13
395	3	7	23398
396	25	5	17
397	3	8698	3
398	3	13	23
399	5	15	23
400	25	7	17
401	3	7	9179
402	23	15	5
403	25	5	17
404	15	23	5
405	7352	3	3
406	13	23	3
407	23	5	15
408	5	15	25
409	23	5	15
410	23	15	5
411	24	4	16
412	23	3	15
413	25	5	16
414	3	14854	7
415	23	5	15
416	17	5	25
417	23	15	5
418	13	3	23
419	25	15	5
420	3	16	7
421	5	23	15
422	23	5	15
423	3	7	17259
424	17	25	7
425	16	6	25
426	23	15	5
427	23	15	5
428	7	17	27
429	5	21	13
430	3	15	23
431	23	5	15
432	3	7	14743
433	25	5	17
434	25	15	5
435	13	21	3
436	17050	3	8
437	17	5	25
438	21	13	3
439	23	13	3
440	17	25	7
441	15	5	25
442	15	23	5
443	14	24	4
444	17673	7	3
445	17	5	25
446	15733	7	3
447	16	6	24
448	17	7	25
449	23	15	5
450	5	25	17
451	13	3	23
452	24	16	6
453	3	15	23
454	3	9299	7
455	17	7	25
456	16937	3	7
457	17	25	7
458	5	23	15
459	17233	3	7
460	15	25	5
461	5	15	25
462	5	15	25
463	5	15	23
464	3	13	23
465	25	16	6
466	5	17	25
467	3	8738	3
468	25	15	5
469	25	15	5
470	17	7	25
471	5	25	17
472	3	23	15
473	13	3	23
474	5	15	25
475	5	15	25
476	15	5	25
477	24	4	16
478	5	15	25
479	23	3	15
480	21	3	13
481	25	17	7
482	5	25	17
483	5	28	20
484	7	27	18
485	5	25	17
486	13	23	3
487	7	3	15059
488	24	16	6
489	23	3	15
490	5	17	25
491	17	5	25
492	17	5	25
493	23	13	3
494	7	25	17
495	3	14	23
496	13	21	3
497	24	4	16
498	3	15	23
499	3	13	23
500	5	17	25
501	13	23	3
502	23	15	5
503	23	15	5
504	3	7	17679
505	3	23	15
506	23	3	15
507	23	3	15
508	23	3	15
509	24	4	16
510	15	5	23
511	21	13	3
512	23	15	5
513	3	15	23
514	23	15	5
515	3	23	15
516	4	23	14
517	14775	3	8
518	15	23	6
519	7	3	14119
520	23	13	5
521	5	15	25
522	23	5	15
523	8	3	8375
524	15	3	23
525	5	25	17
526	5	15	25
527	16	24	6
528	15	23	5
529	13	21	3
530	5	16	25
531	15	5	23
532	13	21	3
533	3	3	15289
534	21	3	13
535	23	3	15
536	23	15	5
537	21	11	3
538	7	17	25
539	25	5	17
540	3	13	23
541	16713	7	3
542	5	23	15
543	25	5	17
544	13	23	3
545	25	17	7
546	4	16	24
547	3	9121	7
548	4	14	24
549	14	4	24
550	3	13	23
551	15	23	3
552	17	25	7
553	21	3	15
554	3	14	8
555	15	23	5
556	23	5	15
557	3	7	14223
558	15	23	5
559	3	13	23
560	3	13	23
561	15	25	5
562	29	5	21
563	16	4	24
564	15103	8	3
565	15	3	23
566	23	15	5
567	21	13	3
568	25	16	6
569	3	17178	3
570	5	15	23
571	23	3	15
572	7	3	9020
573	5	15	23
574	17	25	7
575	23	13	3
576	17	7	25
577	6	25	16
578	5	25	17
579	25	7	17
580	23	4	14
581	15	25	5
582	4	16	24
583	15	3	25
584	16	6	24
585	15	3	23
586	16	6	25
587	3	23	15
588	7	17	25
589	25	6	16
590	23	5	15
591	3	14	23
592	23	3	15
593	3	7	16376
594	5	15	25
595	3	16765	8
596	14	4	24
597	5	25	17
598	23	13	3
599	4	23	14
600	23	5	15
601	5	23	17
602	24	16	6
603	23	5	17
604	3	3	14219
605	23	3	15
606	23	5	15
607	25	5	17
608	7	25	17
609	24	16	6
610	3	13	23
611	7	17	27
612	23	3	15
613	23	5	15
614	25	5	16
615	5	23	15
616	3	3	17495
617	15	5	25
618	17	25	7
619	16906	7	3
620	23	3	14
621	25	5	16
622	15	23	5
623	15	25	5
624	23	5	15
625	3	21	13
626	3	3	23253
627	15	23	5
628	15	23	5
629	23	4	14
630	3	8577	7
631	3	13	23
632	3	21	13
633	5	23	15
634	21	13	3
635	3	13	23
636	3	23	15
637	13	23	3
638	5	15	25
639	7	25	17
640	14	4	24
641	14	4	24
642	3	15	23
643	3	15191	8
644	23	15	5
645	23	15	5
646	23	3	15
647	3	13	23
648	17	5	25
649	5	25	17
650	23	3	15
651	5	25	17
652	3	23	15
653	23	5	15
654	17	7	25
655	23	14	4
656	23	15	5
657	23	15	5
658	3	15508	3
659	5	25	17
660	23	15	5
661	3	23	15
662	3	23	15
663	5	25	17
664	5	15	25
665	6	24	16
666	7	25	17
667	5	15	25
668	17	25	7
669	15	5	25
670	13	3	23
671	3	13	23
672	25	17	7
673	25	17	7
674	5	23	15
675	4	24	16
676	9709	3	3
677	23	3	14
678	3	13	23
679	5	17	25
680	5	25	17
681	24	16	6
682	16	4	24
683	17	25	7
684	17	5	25
685	15	5	25
686	16	6	24
687	7	8339	3
688	13	3	23
689	15	3	23
690	25	16	6
691	23	13	3
692	3	23	15
693	25	17	7
694	5	25	17
695	3	23	15
696	25	17	7
697	23	15	5
698	3	13960	8
699	3	23	15
700	3	7	22282
701	3	21	13
702	15	3	23
703	17066	3	3
704	23	4	16
705	15	23	5
706	23	4	14
707	3	14382	8
708	23	15	5
709	5	15	25
710	23	15	5
711	25	15	5
712	23	13	3
713	7	14508	3
714	17	25	7
715	14	3	23
716	3	23	15
717	15	23	5
718	15	5	25
719	23	5	15
720	3	8	14248
721	31	5	22
722	5	17	25
723	7	27	18
724	5	23	15
725	3	13	23
726	15	5	25
727	16	4	24
728	5	15	25
729	3	16410	7
730	15	5	25
731	9628	8	3
732	17	25	7
733	15	25	5
734	5	15	25
735	17	25	7
736	23	3	15
737	23	5	15
738	25	5	17
739	3	3	17317
740	17	25	7
741	5	15	25
742	23	15	5
743	17	25	7
744	15	5	25
745	3	22	13
746	23	15	5
747	16	6	25
748	15	5	25
749	15	5	25
750	14	4	24
751	23	15	5
752	5	25	17
753	14791	3	3
754	23	5	15
755	13	21	3
756	5	23	15
757	9174	3	8
758	13	3	23
759	23	15	5
760	3	21	13
761	5	23	15
762	25	5	17
763	23	3	15
764	3	16220	7
765	23	13	3
766	15	25	5
767	15	3	23
768	23	3	14
769	5	15	25
770	23	15	5
771	3	13	23
772	3	15000	7
773	5	23	15
774	15	25	5
775	15355	3	8
776	13	21	3
777	23	3	15
778	5	25	16
779	5	17	25
780	25	5	17
781	3	3	8250
782	13	23	3
783	5	15	23
784	16	4	24
785	25	17	7
786	15	5	25
787	16	25	6
788	3	13	23
789	3	13	23
790	25	5	17
791	3	3	22516
792	5	25	17
793	3	7	8056
794	17	5	25
795	13	3	23
796	8	17391	3
797	23	5	15
798	25	17	5
799	7	14458	3
800	3	13	23
801	23	13	3
802	5	15	25
803	5	15	25
804	7	17038	3
805	25	5	17
806	3	3	8839
807	5	15	25
808	3	23	15
809	17	5	25
810	23	3	15
811	5	15	25
812	25	5	17
813	14	23	4
814	15	3	23
815	3	15	23
816	16	25	6
817	8	3	17724
818	25	17	7
819	17	5	25
820	15	5	25
821	23	15	5
822	23	13	5
823	5	25	17
824	14	23	4
825	23	13	3
826	25	17	7
827	3	8	17081
828	6	16	25
829	23	5	15
830	8	30	22
831	23	14	4
832	13	3	23
833	7	25	17
834	4	23	14
835	15	23	5
836	5	15	25
837	13	3	23
838	25	5	17
839	23	4	14
840	29	5	15
841	5	15	25
842	24	4	16
843	21	3	13
844	3	15	23
845	15336	7	3
846	15	5	25
847	15	25	5
848	25	5	16
849	6	16	26
850	4	24	16
851	5	23	15
852	3	7	7959
853	23	15	5
854	3	14236	3
855	17	25	7
856	25	17	7
857	25	17	7
858	17	5	27
859	24	16	6
860	25	15	5
861	23	15	5
862	13	3	23
863	23	5	15
864	25	15	5
865	7	17788	3
866	23	3	15
867	5	15	23
868	23	3	15
869	3	3	6081
870	23	15	5
871	5	15	25
872	25	15	5
873	23	3	15
874	5	15	25
875	25	5	17
876	23	13	3
877	15	5	25
878	23	13	5
879	3	14758	8
880	25	15	5
881	5	15	25
882	23	3	14
883	3	13	23
884	3	13	23
885	23	13	3
886	3	23	15
887	5	25	17
888	25	15	7
889	21	13	3
890	3	21	13
891	15	23	5
892	5	15	25
893	23	5	15
894	25	17	7
895	17	25	7
896	5	15	25
897	3	16764	7
898	3	23	13
899	23	15	5
900	23	3	15
901	13	23	3
902	5	15	25
903	5	23	15
904	3	7	8298
905	3	23	14
906	21	3	13
907	17	25	7
908	16	24	6
909	7	3	14507
910	5	25	17
911	3	7	13942
912	3	13	23
913	4	24	16
914	23	15	3
915	3	14741	7
916	4	23	14
917	5	25	17
918	7	17	25
919	7	7702	3
920	5	25	17
921	15	3	23
922	15	3	23
923	3	23	15
924	15	5	25
925	13	3	23
926	23	3	15
927	5	17	25
928	3	14000	3
929	14	4	24
930	17145	7	3
931	25	16	6
932	3	17662	3
933	17	25	7
934	13	23	3
935	13	21	3
936	16584	3	7
937	17	25	5
938	17	25	7
939	14	3	23
940	3	13	23
941	5	15	25
942	3	15743	8
943	17	25	7
944	23	3	15
945	15	23	5
946	4	14	24
947	15	25	5
948	3	13	23
949	25	15	5
950	23	15	5
951	24	4	16
952	15	5	25
953	17691	3	7
954	24	4	14
955	3	13	23
956	5	15	23
957	15	3	23
958	16	25	6
959	15	25	5
960	17	25	7
961	5	15	23
962	5	17	27
963	23	13	3
964	5	25	17
965	3	3	16546
966	13	3	23
967	3	23	14
968	5	17	25
969	3	6359	3
970	17	7	25
971	3	23	15
972	3	15	23
973	5	25	17
974	13	23	3
975	3	13	23
976	7	7306	3
977	13	3	23
978	17	5	25
979	16236	8	3
980	14	3	23
981	25	5	17
982	3	13	23
983	8414	7	3
984	3	15	23
985	23	3	15
986	15	3	23
987	23	13	3
988	25	7	17
989	23	15	5
990	15	5	25
991	24	4	16
992	23	4	14
993	23	4	14
994	23	5	15
995	23	5	15
996	5	15	25
997	15106	3	3
998	13	3	23
999	15	3	23

