Reaction test v3
type	A+B+C
number	1000

max value	65536
unit	us

test	A	B	C
0	664	635	656
1	87	77	67
2	893	883	873
3	591	581	565
4	392	382	372
5	136	128	112
6	428	420	405
7	558	540	550
8	394	386	376
9	703	683	695
10	128	110	120
11	291	283	273
12	921	911	901
13	239	213	229
14	796	778	788
15	968	948	960
16	626	618	608
17	649	641	631
18	130	104	122
19	763	753	738
20	839	829	813
21	707	699	689
22	403	393	383
23	341	323	333
24	885	877	867
25	664	654	644
26	756	766	746
27	247	221	237
28	23	5	15
29	486	478	468
30	578	559	569
31	764	738	755
32	300	292	282
33	978	970	960
34	524	516	506
35	923	913	900
36	473	449	465
37	790	770	782
38	728	720	710
39	130	104	120
40	851	836	861
41	921	911	929
42	914	904	890
43	511	502	487
44	15	994	7
45	726	706	718
46	421	413	403
47	29	21	11
48	471	445	463
49	398	388	372
50	761	741	753
51	261	253	243
52	274	266	256
53	872	864	854
54	935	955	947
55	678	668	654
56	925	949	941
57	766	748	758
58	156	138	148
59	511	503	493
60	350	338	358
61	262	252	243
62	931	921	913
63	604	594	580
64	738	748	725
65	111	103	93
66	302	284	312
67	840	832	822
68	374	366	350
69	406	386	396
70	921	911	929
71	308	300	292
72	812	804	794
73	276	268	258
74	641	650	630
75	984	964	976
76	565	573	555
77	536	516	526
78	494	470	485
79	216	196	208
80	779	769	761
81	46	37	27
82	96	78	88
83	433	415	425
84	534	524	514
85	641	633	623
86	413	405	395
87	339	329	314
88	946	938	928
89	263	255	245
90	514	504	494
91	145	135	125
92	1013	985	1004
93	119	111	101
94	809	791	801
95	239	231	221
96	761	771	751
97	202	210	192
98	153	165	173
99	220	210	228
100	760	770	750
101	846	828	838
102	374	366	350
103	915	897	907
104	518	510	500
105	201	191	177
106	619	609	599
107	71	61	46
108	571	583	591
109	911	931	922
110	571	563	553
111	438	421	447
112	576	556	568
113	470	490	482
114	860	852	842
115	518	510	494
116	492	474	484
117	16	989	6
118	353	333	345
119	928	910	920
120	132	123	113
121	111	101	85
122	638	612	628
123	754	746	729
124	447	427	439
125	893	883	875
126	786	776	766
127	246	228	238
128	970	960	950
129	689	681	671
130	994	984	976
131	296	306	288
132	249	259	267
133	536	526	546
134	925	915	905
135	484	476	466
136	411	393	403
137	379	353	369
138	645	625	637
139	402	378	394
140	161	153	138
141	63	37	54
142	979	971	961
143	703	693	683
144	597	587	577
145	387	377	367
146	821	801	813
147	349	331	359
148	593	584	574
149	887	860	877
150	723	715	705
151	520	502	512
152	251	243	233
153	951	943	933
154	18	8	993
155	453	435	445
156	570	546	562
157	904	886	896
158	999	981	991
159	463	443	455
160	319	292	309
161	151	131	141
162	455	446	436
163	591	581	571
164	208	200	190
165	154	146	130
166	196	188	178
167	71	63	48
168	99	74	91
169	1004	996	986
170	644	620	636
171	881	873	863
172	59	51	41
173	477	453	469
174	173	165	155
175	563	543	555
176	400	373	392
177	853	828	845
178	371	391	382
179	925	900	915
180	679	669	659
181	915	892	907
182	575	567	557
183	171	151	163
184	145	125	137
185	222	214	204
186	731	741	721
187	889	881	871
188	723	713	697
189	192	182	166
190	970	952	962
191	813	803	793
192	343	333	323
193	50	42	32
194	803	783	795
195	145	137	127
196	743	734	724
197	419	399	410
198	205	197	187
199	323	315	305
200	67	85	77
201	111	91	103
202	391	373	383
203	904	896	886
204	830	820	804
205	331	305	321
206	233	223	209
207	202	182	193
208	575	584	565
209	644	624	636
210	61	52	42
211	315	307	291
212	648	667	658
213	581	571	561
214	478	470	460
215	747	729	739
216	778	786	762
217	812	804	794
218	764	756	746
219	688	668	680
220	378	358	369
221	658	633	648
222	230	212	222
223	271	291	283
224	764	774	784
225	451	461	471
226	581	573	558
227	942	934	924
228	325	317	307
229	21	988	5
230	374	364	348
231	544	520	536
232	248	240	228
233	236	256	248
234	904	877	894
235	665	656	645
236	647	637	629
237	484	474	464
238	46	38	28
239	354	346	336
240	399	391	381
241	508	485	500
242	526	518	508
243	831	850	841
244	636	628	618
245	432	424	408
246	889	881	871
247	168	148	159
248	128	118	102
249	104	114	124
250	9	995	985
251	100	90	74
252	946	936	920
253	944	924	935
254	278	254	270
255	459	469	479
256	582	562	574
257	28	20	8
258	310	300	284
259	73	85	95
260	409	389	399
261	640	620	630
262	562	542	553
263	833	813	824
264	100	90	80
265	332	324	314
266	554	536	546
267	687	679	669
268	994	984	969
269	880	862	872
270	458	448	432
271	14	26	34
272	306	294	314
273	364	352	372
274	321	301	313
275	620	602	612
276	574	554	566
277	319	301	311
278	118	93	110
279	1043	1033	1023
280	520	512	502
281	280	262	272
282	360	350	335
283	96	86	76
284	525	507	517
285	673	665	655
286	608	600	588
287	818	798	810
288	616	606	596
289	527	519	509
290	928	920	904
291	940	932	922
292	725	715	705
293	621	601	613
294	374	365	348
295	801	793	783
296	259	247	267
297	476	461	486
298	116	91	108
299	479	470	460
300	504	486	496
301	126	118	108
302	862	882	874
303	797	771	789
304	777	759	769
305	114	104	94
306	42	34	24
307	387	377	367
308	894	886	876
309	149	139	129
310	936	910	928
311	909	964	975
312	578	570	560
313	183	165	175
314	946	938	928
315	604	596	580
316	113	105	95
317	689	681	671
318	328	320	305
319	812	804	794
320	300	280	292
321	606	598	588
322	653	644	634
323	985	975	959
324	377	369	357
325	737	729	713
326	861	853	843
327	415	395	407
328	338	328	318
329	930	910	922
330	824	814	806
331	731	749	741
332	807	789	799
333	930	922	912
334	147	127	139
335	296	305	286
336	818	810	800
337	981	963	973
338	987	977	961
339	674	666	656
340	177	157	169
341	931	921	905
342	104	96	86
343	231	205	223
344	868	843	858
345	451	425	443
346	124	114	104
347	931	922	912
348	249	261	269
349	62	52	42
350	870	858	878
351	699	714	724
352	128	118	100
353	314	294	306
354	597	579	589
355	159	169	179
356	576	556	568
357	619	599	609
358	760	750	740
359	375	365	355
360	492	474	484
361	741	731	751
362	383	375	365
363	355	337	347
364	7	985	997
365	987	962	977
366	769	751	761
367	625	616	606
368	15	988	5
369	563	555	545
370	565	555	538
371	106	98	82
372	809	790	800
373	840	830	815
374	747	737	727
375	605	595	585
376	838	830	820
377	235	227	217
378	414	422	404
379	73	65	55
380	562	552	572
381	304	286	296
382	685	676	666
383	983	956	973
384	621	595	613
385	730	710	722
386	602	592	582
387	218	198	210
388	398	388	373
389	348	357	338
390	512	489	504
391	1004	994	978
392	785	759	776
393	445	420	437
394	462	452	442
395	822	842	834
396	38	30	20
397	451	471	463
398	956	968	976
399	641	659	651
400	394	368	386
401	567	575	557
402	953	927	945
403	106	96	80
404	934	926	908
405	838	820	830
406	862	852	842
407	314	288	306
408	946	938	922
409	916	908	898
410	589	581	571
411	262	272	280
412	340	332	322
413	762	753	743
414	526	518	508
415	164	144	155
416	547	528	538
417	480	462	472
418	634	614	626
419	572	564	554
420	967	958	948
421	1011	986	1003
422	171	161	151
423	640	632	614
424	46	28	38
425	822	802	814
426	674	656	666
427	175	167	157
428	377	387	359
429	188	180	170
430	831	811	823
431	456	448	438
432	230	221	211
433	462	444	454
434	890	902	912
435	977	967	957
436	229	204	221
437	895	875	887
438	613	593	605
439	93	105	115
440	951	941	931
441	478	470	454
442	207	187	197
443	218	236	244
444	478	490	498
445	699	691	681
446	625	599	617
447	36	28	18
448	719	693	711
449	233	223	213
450	393	375	385
451	220	212	194
452	758	740	750
453	807	781	799
454	668	660	650
455	908	898	882
456	842	861	871
457	171	153	163
458	650	662	672
459	623	603	614
460	779	769	755
461	462	442	454
462	908	880	898
463	124	104	116
464	692	682	674
465	231	205	223
466	5	1004	986
467	756	748	738
468	858	850	840
469	861	851	841
470	454	429	444
471	700	680	692
472	3	979	989
473	456	436	448
474	486	478	460
475	401	376	393
476	902	877	892
477	57	37	49
478	1023	1013	41
479	507	533	523
480	161	141	153
481	641	660	670
482	589	571	581
483	512	492	504
484	743	735	725
485	784	764	776
486	128	118	102
487	177	158	168
488	221	211	201
489	786	778	768
490	407	399	389
491	928	916	936
492	586	578	568
493	945	937	927
494	460	452	435
495	109	101	85
496	282	262	272
497	503	494	484
498	143	123	135
499	96	88	78
500	382	362	373
501	58	48	38
502	816	792	808
503	152	127	144
504	796	786	770
505	198	178	190
506	268	250	260
507	957	931	949
508	156	138	148
509	945	937	927
510	437	417	429
511	287	279	262
512	511	501	485
513	530	520	540
514	983	993	4
515	206	198	188
516	328	303	318
517	846	820	836
518	543	534	524
519	370	362	346
520	39	31	21
521	666	674	656
522	106	87	97
523	43	52	28
524	995	978	1004
525	852	834	844
526	487	468	478
527	595	587	577
528	360	342	352
529	938	918	930
530	318	310	300
531	703	685	695
532	503	477	494
533	182	164	174
534	436	416	428
535	206	196	186
536	473	465	455
537	104	96	86
538	495	485	475
539	610	590	602
540	857	849	839
541	44	34	24
542	572	554	564
543	790	780	770
544	638	630	620
545	971	981	961
546	319	311	301
547	681	673	663
548	501	493	483
549	489	469	481
550	623	615	605
551	431	411	423
552	353	345	335
553	636	628	611
554	962	942	954
555	503	495	485
556	542	532	517
557	538	520	530
558	608	600	590
559	492	468	484
560	636	628	618
561	482	474	456
562	715	697	707
563	649	641	625
564	923	905	915
565	53	45	35
566	997	977	988
567	996	988	978
568	203	193	183
569	434	426	416
570	392	374	384
571	430	404	420
572	565	540	555
573	250	240	230
574	38	13	28
575	215	205	195
576	613	593	605
577	225	205	217
578	494	486	476
579	235	217	227
580	400	390	374
581	8	987	998
582	558	548	540
583	203	183	195
584	489	481	471
585	638	618	630
586	386	378	368
587	568	545	560
588	704	678	696
589	734	725	715
590	863	853	843
591	282	262	273
592	855	865	873
593	520	501	511
594	59	51	41
595	882	864	874
596	679	661	671
597	816	796	808
598	101	93	83
599	649	631	641
600	368	348	359
601	955	945	931
602	259	241	251
603	991	981	965
604	554	530	546
605	844	836	826
606	323	297	314
607	23	13	3
608	492	484	474
609	28	20	10
610	739	729	719
611	328	310	320
612	918	932	942
613	683	675	665
614	724	704	734
615	559	551	541
616	439	421	431
617	102	82	94
618	278	268	258
619	842	832	822
620	98	78	90
621	691	671	683
622	110	101	91
623	915	905	897
624	640	632	622
625	30	10	22
626	936	926	916
627	977	969	959
628	787	777	767
629	208	223	233
630	980	1000	992
631	869	881	891
632	91	109	119
633	85	67	77
634	139	129	119
635	603	593	583
636	715	695	707
637	455	427	445
638	457	448	433
639	780	772	762
640	977	957	969
641	566	556	546
642	717	709	699
643	526	517	507
644	340	332	322
645	73	55	65
646	365	355	345
647	615	603	623
648	351	341	361
649	263	238	255
650	306	298	288
651	813	803	789
652	876	868	858
653	244	224	236
654	67	75	57
655	724	714	704
656	499	474	491
657	306	293	283
658	608	588	600
659	951	931	943
660	526	500	518
661	833	823	813
662	268	260	250
663	396	378	388
664	961	951	941
665	542	532	522
666	490	480	470
667	782	772	762
668	246	238	228
669	695	675	686
670	413	393	405
671	177	187	196
672	453	445	435
673	983	975	965
674	558	549	539
675	932	924	912
676	720	710	730
677	835	819	845
678	903	913	893
679	660	652	642
680	949	926	941
681	16	25	6
682	643	651	633
683	586	566	578
684	705	687	697
685	978	960	970
686	233	223	210
687	685	667	677
688	667	677	657
689	208	190	200
690	687	677	667
691	460	450	434
692	989	981	969
693	358	378	369
694	675	667	657
695	53	33	45
696	841	833	823
697	77	67	57
698	143	133	123
699	483	475	459
700	261	251	241
701	200	190	210
702	81	63	73
703	107	97	80
704	182	162	174
705	31	23	13
706	146	138	128
707	498	510	520
708	787	778	768
709	547	537	527
710	633	625	615
711	134	146	154
712	651	631	643
713	795	785	775
714	150	142	132
715	785	759	777
716	376	388	396
717	589	579	569
718	501	475	493
719	223	231	213
720	437	429	419
721	47	27	39
722	861	853	843
723	158	150	133
724	760	752	742
725	392	382	372
726	465	455	440
727	1003	980	995
728	52	42	32
729	558	550	540
730	301	281	291
731	653	627	643
732	340	332	322
733	540	520	532
734	455	437	447
735	228	240	250
736	308	298	288
737	484	476	461
738	724	744	754
739	570	550	562
740	414	434	425
741	681	671	655
742	934	914	924
743	710	684	700
744	117	99	109
745	857	849	839
746	317	297	309
747	480	460	472
748	837	810	829
749	651	643	625
750	584	576	560
751	859	851	841
752	888	908	900
753	362	342	354
754	846	828	838
755	701	683	711
756	351	361	341
757	801	793	783
758	919	901	911
759	936	926	916
760	187	171	197
761	410	395	420
762	820	794	810
763	115	135	127
764	316	306	296
765	846	838	828
766	882	872	862
767	87	79	69
768	837	817	829
769	446	456	436
770	406	416	426
771	625	607	617
772	68	60	50
773	826	808	818
774	792	782	772
775	789	807	799
776	420	412	402
777	604	596	584
778	558	548	538
779	83	75	65
780	390	382	365
781	908	888	900
782	217	227	235
783	141	131	115
784	109	101	91
785	688	668	680
786	394	384	374
787	878	870	860
788	784	774	764
789	630	605	620
790	538	548	523
791	573	583	591
792	878	859	869
793	563	530	555
794	861	841	853
795	589	581	571
796	852	826	842
797	186	178	168
798	700	690	676
799	589	571	581
800	691	682	672
801	730	722	712
802	260	234	250
803	379	369	359
804	126	116	106
805	966	958	948
806	873	865	855
807	745	737	727
808	535	527	517
809	629	621	611
810	149	159	134
811	47	39	29
812	506	496	486
813	672	664	654
814	535	525	517
815	672	652	663
816	939	931	921
817	975	967	951
818	511	493	503
819	758	750	740
820	964	946	956
821	728	708	720
822	961	951	935
823	96	76	88
824	285	265	277
825	289	271	281
826	571	561	551
827	713	705	695
828	437	427	414
829	202	193	183
830	490	480	472
831	632	606	624
832	539	531	521
833	942	962	954
834	581	571	558
835	295	287	277
836	434	416	426
837	410	420	430
838	479	471	461
839	42	34	24
840	93	73	85
841	152	142	132
842	307	327	319
843	434	424	414
844	889	881	863
845	242	217	234
846	143	125	135
847	150	140	130
848	773	748	765
849	649	661	669
850	462	442	454
851	97	88	78
852	443	435	425
853	90	80	66
854	772	782	792
855	743	735	725
856	132	122	106
857	788	768	780
858	249	261	269
859	556	546	536
860	466	458	448
861	745	737	727
862	805	797	787
863	19	27	9
864	508	488	500
865	269	259	243
866	792	782	774
867	767	759	749
868	749	759	769
869	18	39	49
870	844	834	824
871	347	327	339
872	595	587	577
873	49	29	41
874	471	461	451
875	665	645	657
876	426	406	418
877	906	896	886
878	791	803	813
879	250	240	230
880	681	673	663
881	332	324	314
882	285	259	277
883	308	298	282
884	683	657	675
885	636	626	611
886	392	382	372
887	679	659	671
888	859	849	839
889	764	754	744
890	503	487	513
891	583	563	575
892	298	280	290
893	540	523	550
894	297	278	288
895	87	97	107
896	585	575	595
897	520	494	510
898	550	530	542
899	381	371	391
900	248	240	230
901	871	894	886
902	761	769	751
903	750	732	742
904	755	771	781
905	289	271	281
906	709	701	691
907	432	422	408
908	839	870	860
909	618	609	599
910	822	797	812
911	417	397	408
912	678	668	658
913	166	158	148
914	492	484	474
915	184	174	160
916	846	836	856
917	600	592	582
918	916	890	906
919	540	520	532
920	325	315	305
921	646	636	626
922	463	439	455
923	428	408	420
924	23	13	3
925	79	61	71
926	664	637	654
927	690	680	670
928	698	708	718
929	511	501	491
930	25	7	17
931	94	84	74
932	819	811	801
933	117	97	109
934	649	639	623
935	492	474	484
936	906	896	886
937	702	684	694
938	998	975	990
939	663	654	644
940	569	559	549
941	357	369	379
942	743	733	723
943	460	450	440
944	98	90	80
945	401	413	421
946	627	643	653
947	633	647	657
948	829	821	801
949	273	255	265
950	345	319	335
951	80	70	60
952	989	969	979
953	394	368	384
954	683	673	656
955	698	690	680
956	710	701	691
957	141	133	123
958	338	328	318
959	17	994	7
960	1000	990	980
961	179	153	169
962	745	725	736
963	890	900	908
964	996	986	972
965	44	34	24
966	797	787	779
967	50	32	42
968	122	104	114
969	446	428	438
970	954	944	936
971	386	378	363
972	92	82	72
973	103	93	83
974	506	514	496
975	263	255	245
976	809	801	791
977	848	840	824
978	44	35	25
979	203	195	185
980	895	875	887
981	366	348	376
982	250	230	242
983	730	722	712
984	391	381	365
985	490	472	482
986	445	435	425
987	750	760	740
988	664	721	733
989	838	828	811
990	815	805	791
991	499	491	473
992	604	596	580
993	411	385	403
994	704	684	696
995	66	58	48
996	790	782	772
997	917	907	892
998	696	686	676
999	579	559	571
