Reaction test v3
type	A+B+C
number	1000

max value	65536
unit	us

test	A	B	C
0	8	23	3
1	13	8	25
2	13	9	25
3	10	19	14
4	11	7	23
5	10	19	15
6	11	7	23
7	23	19	14
8	13	8	24
9	11	7	23
10	11	15	27
11	9	13	25
12	14	19	10
13	12	7	23
14	21	17	13
15	13	9	25
16	15	10	26
17	17	13	21
18	11	15	42
19	6	11	25
20	11	6	23
21	21	17	12
22	11	7	23
23	8	13	24
24	17	21	12
25	13	8	25
26	11	7	23
27	11	7	23
28	7	12	23
29	12	16	23
30	15	10	27
31	15	23	19
32	13	9	27
33	13	9	25
34	19	23	14
35	21	17	13
36	11	6	23
37	12	17	21
38	8	13	30
39	11	7	23
40	10	21	16
41	8	13	24
42	11	7	23
43	13	17	29
44	23	9	13
45	11	7	23
46	11	15	19
47	7	11	23
48	13	9	25
49	15	19	10
50	7	11	23
51	15	20	11
52	11	6	23
53	9	13	25
54	15	11	20
55	13	8	24
56	15	11	19
57	8	24	13
58	25	15	11
59	5	22	34
60	9	13	25
61	17	21	13
62	8	13	24
63	12	7	23
64	21	16	12
65	9	13	25
66	13	8	49
67	16	21	12
68	13	8	25
69	11	7	23
70	13	22	17
71	13	9	25
72	13	9	25
73	9	13	25
74	11	15	20
75	13	9	25
76	22	17	13
77	13	9	25
78	12	21	17
79	11	7	23
80	11	7	23
81	20	16	25
82	9	13	25
83	6	11	23
84	13	8	25
85	14	10	19
86	11	7	23
87	15	11	27
88	15	31	11
89	13	9	25
90	11	7	23
91	6	11	23
92	23	19	14
93	9	13	32
94	13	9	25
95	7	11	23
96	23	12	19
97	13	9	25
98	12	21	17
99	11	6	23
100	7	11	31
101	13	17	21
102	13	9	47747
103	21	17	12
104	7	12	23
105	21	12	17
106	7	11	23
107	13	9	25
108	6	11	23
109	13	8	25
110	9	13	25
111	11	7	23
112	18	23	14
113	9	13	25
114	15	11	27
115	21	16	12
116	17	21	12
117	15	11	22
118	13	9	25
119	13	8	25
120	31	13	9
121	17	21	12
122	11	7	23
123	11	7	25
124	13	9	25
125	17	12	21
126	10	19	14
127	8	13	25
128	15	19	23
129	11	25	15
130	15	11	25
131	9	13	25
132	20	3	62289
133	29	7	12
134	8	13	25
135	11	6	23
136	7	11	23
137	8	13	24
138	12	17	21
139	7	11	23
140	13	9	25
141	9	13	25
142	8	13	24
143	9	13	25
144	13	9	25
145	15	11	20
146	13	9	25
147	23	7	12
148	15	23	19
149	12	7	23
150	15	10	27
151	9	13	25
152	13	8	24
153	22	27	18
154	7	12	23
155	17	21	12
156	23	7	34
157	13	9	25
158	11	6	23
159	11	6	23
160	17	21	12
161	12	17	21
162	13	9	25
163	8	13	25
164	6	11	23
165	10	15	21
166	7	12	23
167	7	11	23
168	19	23	15
169	12	17	23
170	9	13	25
171	13	9	25
172	11	7	23
173	21	16	12
174	9	13	25
175	11	6	21
176	13	8	25
177	6	11	23
178	12	16	21
179	13	8	25
180	13	9	29
181	13	8	25
182	11	7	23
183	11	7	23
184	9	13	25
185	11	7	23
186	15	11	25
187	11	6	23
188	7	11	23
189	13	8	25
190	19	14	10
191	25	13	9
192	8	13	24
193	29	7	13
194	11	15	27
195	14	10	26
196	7	12	22
197	13	9	25
198	8	13	24
199	11	7	23
200	9	13	25
201	21	13	17
202	9	13	25
203	8	13	64
204	8	12	3
205	12	21	16
206	8	13	25
207	8	13	25
208	9	13	25
209	17	21	13
210	12	7	23
211	10	15	27
212	5	17	28
213	19	10	15
214	7	12	23
215	13	9	25
216	11	7	23
217	21	17	12
218	19	5	31
219	9	13	25
220	17	12	21
221	9	13	25
222	13	9	25
223	7	11	23
224	7	11	23
225	9	13	25
226	11	15	27
227	9	13	25
228	9	13	25
229	15	20	11
230	13	9	25
231	9	13	25
232	6	11	23
233	9	13	25
234	19	15	10
235	9	13	25
236	19	23	15
237	11	7	23
238	22	13	17
239	8	13	25
240	7	11	23
241	7	12	23
242	12	7	23
243	21	12	16
244	6	11	23
245	13	9	25
246	13	8	25
247	6	11	23
248	11	6	23
249	13	8	25
250	9	13	25
251	13	9	25
252	10	19	15
253	13	8	24
254	13	9	25
255	11	6	23
256	13	8	25
257	19	3	31
258	13	23	8
259	13	9	25
260	8	13	25
261	10	15	27
262	13	8	25
263	7	11	23
264	10	15	19
265	12	7	23
266	9	13	25
267	8	13	25
268	15	11	27
269	7	11	23
270	9	13	27
271	13	8	24
272	11	7	23
273	7	11	23
274	13	9	23
275	17	12	21
276	11	7	23
277	12	16	23
278	13	8	25
279	13	8	25
280	8	13	24
281	7	21	35
282	21	17	12
283	8	13	25
284	13	9	25
285	7	11	23
286	10	19	15
287	11	7	96
288	7	12	23
289	11	15	27
290	9	13	25
291	6	23	11
292	21	12	16
293	29	5	17
294	23	6	11
295	11	7	25
296	17	13	21
297	9	13	25
298	9	13	25
299	8	13	25
300	30	15	10
301	19	15	10
302	19	3	31
303	19	10	15
304	25	9	15
305	13	9	25
306	12	17	21
307	23	7	35
308	6	11	23
309	23	12	19
310	7	11	23
311	6	11	23
312	8	13	25
313	13	8	23
314	21	13	17
315	7	12	138
316	21	11	17
317	10	15	25
318	12	7	23
319	7	11	23
320	3	17	29
321	13	9	25
322	9	13	25
323	11	7	23
324	15	10	27
325	13	8	25
326	7	11	23
327	6	30	20
328	13	9	23
329	7	30	20
330	25	13	8
331	10	19	15
332	19	23	14
333	5	28	17
334	16	21	12
335	3	28	16
336	15	19	11
337	8	25	13
338	4	16	28
339	8	13	25
340	13	31	9
341	11	7	23
342	13	9	25
343	11	7	23
344	21	17	12
345	11	6	23
346	13	25	9
347	7	11	23
348	23	19	14
349	11	6	24
350	13	9	25
351	13	9	23
352	8	13	24
353	9	13	25
354	30	14	10
355	7	12	23
356	19	10	15
357	16	21	12
358	7	11	23
359	13	8	26
360	12	7	23
361	11	6	23
362	13	8	24
363	11	6	23
364	12	21	16
365	8	13	24
366	13	9	79
367	15	11	21
368	9	13	23
369	10	15	19
370	13	9	25
371	12	21	16
372	10	15	26
373	26	8	13
374	13	8	28
375	18	23	14
376	7	11	23
377	13	17	22
378	7	12	23
379	44	44	44
380	9	13	23
381	17	5	29
382	11	6	23
383	19	15	51
384	13	9	25
385	6	11	23
386	13	9	25
387	9	13	25
388	14	10	26
389	21	12	17
390	13	8	25
391	12	7	23
392	11	7	23
393	13	8	23
394	9	13	25
395	21	12	16
396	21	16	12
397	9	13	25
398	11	7	23
399	12	7	23
400	15	19	10
401	8	13	25
402	6	28	11
403	23	13	9
404	9	13	25
405	13	8	25
406	9	13	25
407	9	13	25
408	19	23	14
409	21	12	17
410	23	18	14
411	12	7	23
412	15	10	25
413	13	9	23
414	21	17	12
415	7	11	23
416	11	6	23
417	13	8	25
418	7	12	23
419	21	10	16
420	9	13	25
421	13	8	24
422	13	9	25
423	6	11	23
424	7	11	23
425	11	7	23
426	9	13	25
427	13	9	25
428	13	9	25
429	19	15	23
430	13	8	25
431	17	21	12
432	9	13	23
433	17	13	23
434	9	13	25
435	11	7	23
436	13	9	25
437	11	7	23
438	17	13	22
439	11	6	23
440	6	11	23
441	19	14	10
442	9	13	25
443	17	12	21
444	13	9	25
445	13	8	25
446	15	19	10
447	8	13	25
448	7	11	23
449	13	9	25
450	13	23	19
451	9	13	25
452	11	7	23
453	8	13	25
454	9	13	25
455	8	13	25
456	18	23	14
457	15	11	19
458	9	13	25
459	18	23	14
460	9	13	25
461	11	15	20
462	7	11	23
463	13	8	25
464	17	12	21
465	9	13	25
466	11	15	27
467	11	6	23
468	17	21	12
469	4	22	34
470	20	11	15
471	11	7	23
472	19	14	10
473	9	13	25
474	7	11	23
475	14	10	26
476	14	18	23
477	15	11	27
478	6	11	23
479	12	17	21
480	7	11	23
481	12	17	21
482	15	11	25
483	13	9	25
484	14	18	23
485	9	13	25
486	14	19	23
487	9	23	13
488	12	7	23
489	13	8	23
490	13	8	25
491	18	14	23
492	13	8	24
493	13	9	25
494	21	16	12
495	15	10	27
496	13	9	25
497	15	11	20
498	12	7	23
499	10	19	15
500	9	13	25
501	6	11	23
502	12	7	23
503	11	7	23
504	10	15	27
505	19	11	15
506	11	7	23
507	11	15	27
508	12	28	49
509	15	10	27
510	11	7	23
511	13	9	25
512	12	21	16
513	11	7	23
514	28	20	24
515	22	17	13
516	11	6	23
517	9	13	25
518	17	22	13
519	13	8	24
520	19	23	14
521	11	7	23
522	8	13	25
523	7	11	23
524	19	15	11
525	12	7	23
526	7	11	23
527	9	13	25
528	9	23	13
529	13	8	27
530	8	13	23
531	11	6	23
532	23	13	19
533	13	9	25
534	7	11	23
535	13	9	25
536	16	12	21
537	15	11	19
538	13	8	25
539	7	11	23
540	13	9	25
541	13	9	25
542	15	10	26
543	7	11	23
544	12	21	16
545	13	8	24
546	11	7	23
547	7	11	23
548	13	9	25
549	13	8	25
550	7	11	113
551	23	14	18
552	8	13	23
553	11	25	15
554	13	9	25
555	21	12	17
556	7	12	23
557	7	12	23
558	12	7	23
559	9	13	25
560	11	7	23
561	13	9	25
562	7	11	23
563	13	9	25
564	9	13	25
565	13	8	25
566	25	13	8
567	9	13	25
568	23	7	13
569	10	15	25
570	11	15	20
571	25	7	12
572	9	13	25
573	9	13	25
574	11	7	23
575	8	13	24
576	12	7	23
577	9	13	25
578	9	13	23
579	11	7	23
580	8	13	25
581	22	13	17
582	9	13	25
583	10	19	15
584	10	15	27
585	7	11	23
586	11	15	20
587	13	9	25
588	11	21	17
589	15	11	27
590	13	8	24
591	12	7	23
592	7	12	23
593	7	11	23
594	13	8	24
595	11	7	25
596	13	8	111
597	10	14	19
598	12	7	23
599	7	11	23
600	19	23	14
601	31	19	7
602	13	52290	9
603	5	32	19
604	8	13	25
605	23	5	35
606	15	19	23
607	7	11	23
608	5	17	29
609	9	13	25
610	13	9	25
611	8	13	25
612	12	7	23
613	15	10	26
614	9	13	25
615	19	23	15
616	9	13	25
617	11	7	23
618	13	9	25
619	11	15	27
620	5	17	29
621	23	19	14
622	12	7	23
623	3	22	34
624	11	15	19
625	11	7	23
626	4	20	32
627	17	13	21
628	25	8	15
629	16	21	12
630	15	23	19
631	11	7	23
632	13	8	25
633	6	11	23
634	11	19	15
635	11	15	27
636	13	8	25
637	9	13	25
638	13	9	25
639	15	10	19
640	8	13	25
641	13	9	25
642	8	13	25
643	6	11	23
644	13	9	25
645	7	11	23
646	9	13	25
647	9	13	25
648	13	8	50197
649	25	13	9
650	8	13	25
651	9	13	25
652	11	7	23
653	9	13	25
654	19	23	15
655	9	13	25
656	9	19	31
657	9	13	25
658	13	8	25
659	15	11	19
660	11	7	23
661	21	17	12
662	7	11	23
663	7	11	23
664	7	11	23
665	9	13	25
666	7	12	85
667	13	8	25
668	6	11	23
669	15	23	19
670	13	9	25
671	11	7	23
672	11	6	23
673	8	13	25
674	13	9	25
675	9	13	25
676	13	9	25
677	13	9	25
678	11	6	23
679	13	9	25
680	9	13	25
681	10	29	15
682	13	9	62
683	13	8	24
684	34	7	21
685	21	17	12
686	12	21	17
687	11	6	23
688	9	13	25
689	9	13	25
690	12	7	23
691	8	13	25
692	13	9	25
693	6	11	23
694	6	11	23
695	11	7	23
696	7	12	23
697	6	11	23
698	11	24	6
699	13	9	25
700	19	10	15
701	8	13	24
702	13	8	25
703	21	12	16
704	8	13	25
705	8	13	25
706	6	11	23
707	17	21	13
708	13	8	24
709	18	23	14
710	13	24	8
711	8	13	25
712	16	21	12
713	9	13	25
714	9	13	25
715	30427	7	3
716	5	29	17
717	13	8	25
718	13	9	25
719	15	11	27
720	15	11	27
721	9	13	25
722	9	13	23
723	9	13	25
724	3	20	32
725	13	9	25
726	11	7	23
727	21	16	12
728	11	6	23
729	23	18	14
730	7	11	25
731	7	11	23
732	11	7	23
733	9	13	25
734	8	13	25
735	23	15	19
736	11	6	23
737	8	13	24
738	8	13	25
739	7	12	23
740	6	11	23
741	11	7	25
742	7	11	23
743	10	15	19
744	13	9	25
745	6	11	23
746	8	13	25
747	11	7	23
748	15	11	27
749	9	13	25
750	11	7	25
751	7	11	23
752	13	9	25
753	7	12	23
754	9	13	25
755	9	13	25
756	15	10	25
757	13	9	25
758	13	8	25
759	13	9	25
760	6	11	94
761	13	8	25
762	9	13	25
763	15	19	31
764	6	30	20
765	30	15	10
766	13	9	25
767	7	11	23
768	9	13	25
769	11	6	23
770	13	8	23
771	13	9	25
772	8	13	25
773	12	17	92
774	11	7	23
775	7	11	23
776	13	9	25
777	8	13	24
778	9	13	25
779	8	13	25
780	19	14	23
781	11	7	23
782	8	13	25
783	18	23	14
784	20	24	29
785	13	8	25
786	21	17	12
787	7	11	23
788	7	11	23
789	21	17	33
790	11	7	23
791	9	13	25
792	11	15	20
793	13	8	24
794	8	28	15
795	9	13	23
796	18	23	14
797	8	13	24
798	9	13	27
799	8	13	24
800	11	7	23
801	7	11	23
802	10	14	26
803	21	17	13
804	13	8	79
805	15	11	19
806	13	8	24
807	11	6	23
808	19	15	11
809	13	9	25
810	15	10	19
811	29	13	9
812	4	24	36
813	5	32	18
814	11	7	107
815	13	8	24
816	11	7	23
817	10	14	24
818	13	9	25
819	8	13	25
820	23	19	14
821	13	8	25
822	11	7	25
823	8	13	50786
824	5	20	32
825	17	13	21
826	9	13	25
827	6	11	23
828	11	7	23
829	9	13	25
830	13	9	27
831	6	11	23
832	6	11	23
833	11	7	23
834	13	9	25
835	11	7	23
836	15	10	38
837	11	6	23
838	13	17	21
839	15	27	11
840	13	9	25
841	13	9	25
842	7	11	23
843	9	13	25
844	9	13	25
845	11	7	23
846	7	11	23
847	10	15	19
848	15	10	19
849	9	13	25
850	13	9	25
851	7	11	23
852	6	11	23
853	7	11	32
854	13	9	29
855	15	11	27
856	13	9	25
857	9	13	25
858	6	11	23
859	11	6	23
860	7	11	23
861	11	7	23
862	21	17	12
863	6	11	23
864	11	7	23
865	22	13	17
866	9	13	25
867	10	15	19
868	9	13	25
869	7	11	23
870	9	13	25
871	11	6	23
872	11	20	15
873	31	9	13
874	13	8	25
875	13	9	25
876	13	8	25
877	9	13	23
878	11	15	19
879	20	7	32
880	21	13	8
881	13	9	25
882	15	11	27
883	11	6	23
884	19	15	23
885	8	13	24
886	7	11	23
887	13	8	24
888	10	15	19
889	11	7	23
890	11	15	27
891	7	12	23
892	9	13	25
893	19	14	23
894	13	9	25
895	20	25	16
896	11	6	23
897	7	11	23
898	8	13	25
899	16	21	12
900	7	12	23
901	11	7	23
902	9	13	25
903	9	13	25
904	12	17	21
905	7	11	68
906	8	13	25
907	8	13	24
908	11	15	19
909	8	13	24
910	13	8	25
911	13	9	25
912	8	13	23
913	6	11	23
914	11	7	23
915	10	15	27
916	8	13	23
917	11	7	23
918	25	15	10
919	11	6	23
920	8	25	13
921	7	11	23
922	21	16	12
923	22	38	9
924	8	13	24
925	10	19	15
926	12	7	23
927	9	13	25
928	8	13	23
929	13	9	27
930	11	7	23
931	9	13	25
932	7	11	23
933	11	15	27
934	14	19	10
935	15	11	27
936	14	10	26
937	13	9	25
938	11	6	23
939	21	17	13
940	15	10	19
941	9	13	34
942	14	10	26
943	13	9	25
944	13	8	24
945	11	15	27
946	8	13	25
947	25	8	13
948	9	29	13
949	17	21	12
950	6	11	23
951	12	7	23
952	11	7	23
953	17	13	21
954	8	13	23
955	13	23	19
956	13	8	25
957	11	7	45
958	24	7	36
959	19	23	14
960	11	7	23
961	9	13	25
962	11	15	25
963	11	6	23
964	12	7	23
965	12	17	21
966	23	13	19
967	13	8	24
968	14	44	19
969	11	7	23
970	7	12	23
971	10	15	26
972	9	13	25
973	22	13	17
974	9	13	25
975	13	9	25
976	8	13	24
977	11	7	23
978	11	7	23
979	8	13	25
980	13	9	25
981	17	13	21
982	11	7	23
983	7	12	25
984	13	9	25
985	13	21	17
986	33	15	11
987	11	6	23
988	7	12	3
989	7	19	51000
990	22	13	17
991	14	18	23
992	13	9	25
993	6	11	23
994	9	13	25
995	13	8	25
996	13	9	23
997	13	9	25
998	17	12	21
999	7	11	23

